Week 0 Nurse 0
---------------------------
1 1 1 0 0 1 1   0
1 1 0 0 1 1 1   0
1 1 1 0 0 1 0   0
1 1 1 0 0 0 1   0
1 1 0 0 1 1 0   0
1 1 0 0 0 1 1   0
1 0 0 0 1 1 1   0
0 1 1 0 0 1 1   0
0 1 0 0 1 1 1   0
1 1 1 0 0 0 0   0
1 1 0 0 1 0 0   0
1 1 0 0 0 1 0   0
1 1 0 0 0 0 1   0
1 0 0 0 1 1 0   0
1 0 0 0 0 1 1   0
0 1 1 0 0 1 0   0
0 1 1 0 0 0 1   0
0 1 0 0 1 1 0   0
0 1 0 0 0 1 1   0
0 0 1 0 0 1 1   0
0 0 0 0 1 1 1   0
1 1 0 0 0 0 0   0
1 0 0 0 1 0 0   0
1 0 0 0 0 1 0   0
1 0 0 0 0 0 1   0
0 1 1 0 0 0 0   0
0 1 0 0 1 0 0   0
0 1 0 0 0 1 0   0
0 1 0 0 0 0 1   0
0 0 1 0 0 1 0   0
0 0 1 0 0 0 1   0
0 0 0 0 1 1 0   0
0 0 0 0 0 1 1   0
1 0 0 0 0 0 0   0
0 1 0 0 0 0 0   0
0 0 1 0 0 0 0   0
0 0 0 0 1 0 0   0
0 0 0 0 0 1 0   0
0 0 0 0 0 0 1   0
0 0 0 0 0 0 0   0
++++++++++++++++++++++++
2 2 2 0 0 2 2   0
2 2 0 0 2 2 2   0
2 2 0 0 0 2 2   0
2 0 0 0 2 2 2   0
0 2 2 0 0 2 2   0
0 2 0 0 2 2 2   0
2 0 0 0 0 2 2   0
0 2 0 0 0 2 2   0
0 0 2 0 0 2 2   0
0 0 0 0 2 2 2   0
0 0 0 0 0 2 2   0
2 2 2 0 0 2 0   1
2 2 2 0 0 0 2   1
2 2 0 0 2 2 0   1
2 2 0 0 0 2 0   1
2 2 0 0 0 0 2   1
2 0 0 0 2 2 0   1
0 2 2 0 0 2 0   1
0 2 2 0 0 0 2   1
0 2 0 0 2 2 0   1
2 0 0 0 0 2 0   1
2 0 0 0 0 0 2   1
0 2 0 0 0 2 0   1
0 2 0 0 0 0 2   1
0 0 2 0 0 2 0   1
0 0 2 0 0 0 2   1
0 0 0 0 2 2 0   1
0 0 0 0 0 2 0   1
0 0 0 0 0 0 2   1
2 2 2 0 0 0 0   2
2 2 0 0 2 0 0   2
2 2 0 0 0 0 0   2
2 0 0 0 2 0 0   2
0 2 2 0 0 0 0   2
0 2 0 0 2 0 0   2
2 0 0 0 0 0 0   2
0 2 0 0 0 0 0   2
0 0 2 0 0 0 0   2
0 0 0 0 2 0 0   2
0 0 0 0 0 0 0   2
++++++++++++++++++++++++

Number of patterns: 80


Week 0 Nurse 1
---------------------------
1 0 0 1 1 1 1   0
0 0 1 1 1 1 1   0
1 0 0 1 1 1 0   0
1 0 0 0 1 1 1   0
0 0 1 1 1 1 0   0
0 0 0 1 1 1 1   0
1 0 0 1 1 0 0   0
1 0 0 1 0 0 1   0
1 0 0 0 1 1 0   0
1 0 0 0 0 1 1   0
0 0 1 1 1 0 0   0
0 0 1 1 0 0 1   0
0 0 1 0 0 1 1   0
0 0 0 1 1 1 0   0
0 0 0 0 1 1 1   0
1 0 0 1 0 0 0   0
1 0 0 0 1 0 0   0
1 0 0 0 0 1 0   0
1 0 0 0 0 0 1   0
0 0 1 1 0 0 0   0
0 0 1 0 0 1 0   0
0 0 1 0 0 0 1   0
0 0 0 1 1 0 0   0
0 0 0 1 0 0 1   0
0 0 0 0 1 1 0   0
0 0 0 0 0 1 1   0
1 0 0 0 0 0 0   0
0 0 1 0 0 0 0   0
0 0 0 1 0 0 0   0
0 0 0 0 1 0 0   0
0 0 0 0 0 1 0   0
0 0 0 0 0 0 1   0
0 0 0 0 0 0 0   0
++++++++++++++++++++++++
2 0 0 2 2 2 2   0
0 0 2 2 2 2 2   0
2 0 0 2 2 2 0   0
2 0 0 0 2 2 2   0
0 0 2 2 2 2 0   0
0 0 0 2 2 2 2   0
2 0 0 2 2 0 0   0
2 0 0 2 0 0 2   0
2 0 0 0 2 2 0   0
2 0 0 0 0 2 2   0
0 0 2 2 2 0 0   0
0 0 2 2 0 0 2   0
0 0 2 0 0 2 2   0
0 0 0 2 2 2 0   0
0 0 0 0 2 2 2   0
2 0 0 2 0 0 0   0
2 0 0 0 2 0 0   0
2 0 0 0 0 2 0   0
2 0 0 0 0 0 2   0
0 0 2 2 0 0 0   0
0 0 2 0 0 2 0   0
0 0 2 0 0 0 2   0
0 0 0 2 2 0 0   0
0 0 0 2 0 0 2   0
0 0 0 0 2 2 0   0
0 0 0 0 0 2 2   0
2 0 0 0 0 0 0   0
0 0 2 0 0 0 0   0
0 0 0 2 0 0 0   0
0 0 0 0 2 0 0   0
0 0 0 0 0 2 0   0
0 0 0 0 0 0 2   0
0 0 0 0 0 0 0   0
++++++++++++++++++++++++

Number of patterns: 66


Week 0 Nurse 2
---------------------------
1 1 0 0 1 1 1   0
1 0 0 1 1 1 1   0
1 1 0 0 1 1 0   0
1 1 0 0 0 1 1   0
1 0 0 1 1 1 0   0
1 0 0 0 1 1 1   0
0 1 0 0 1 1 1   0
0 0 0 1 1 1 1   0
1 1 0 0 1 0 0   0
1 1 0 0 0 1 0   0
1 1 0 0 0 0 1   0
1 0 0 1 1 0 0   0
1 0 0 1 0 0 1   0
1 0 0 0 1 1 0   0
1 0 0 0 0 1 1   0
0 1 0 0 1 1 0   0
0 1 0 0 0 1 1   0
0 0 0 1 1 1 0   0
0 0 0 0 1 1 1   0
1 1 0 0 0 0 0   0
1 0 0 1 0 0 0   0
1 0 0 0 1 0 0   0
1 0 0 0 0 1 0   0
1 0 0 0 0 0 1   0
0 1 0 0 1 0 0   0
0 1 0 0 0 1 0   0
0 1 0 0 0 0 1   0
0 0 0 1 1 0 0   0
0 0 0 1 0 0 1   0
0 0 0 0 1 1 0   0
0 0 0 0 0 1 1   0
1 0 0 0 0 0 0   0
0 1 0 0 0 0 0   0
0 0 0 1 0 0 0   0
0 0 0 0 1 0 0   0
0 0 0 0 0 1 0   0
0 0 0 0 0 0 1   0
0 0 0 0 0 0 0   0
++++++++++++++++++++++++
2 2 0 0 2 2 2   0
2 0 0 2 2 2 2   0
2 2 0 0 2 2 0   0
2 2 0 0 0 2 2   0
2 0 0 2 2 2 0   0
2 0 0 0 2 2 2   0
0 2 0 0 2 2 2   0
0 0 0 2 2 2 2   0
2 2 0 0 2 0 0   0
2 2 0 0 0 2 0   0
2 2 0 0 0 0 2   0
2 0 0 2 2 0 0   0
2 0 0 2 0 0 2   0
2 0 0 0 2 2 0   0
2 0 0 0 0 2 2   0
0 2 0 0 2 2 0   0
0 2 0 0 0 2 2   0
0 0 0 2 2 2 0   0
0 0 0 0 2 2 2   0
2 2 0 0 0 0 0   0
2 0 0 2 0 0 0   0
2 0 0 0 2 0 0   0
2 0 0 0 0 2 0   0
2 0 0 0 0 0 2   0
0 2 0 0 2 0 0   0
0 2 0 0 0 2 0   0
0 2 0 0 0 0 2   0
0 0 0 2 2 0 0   0
0 0 0 2 0 0 2   0
0 0 0 0 2 2 0   0
0 0 0 0 0 2 2   0
2 0 0 0 0 0 0   0
0 2 0 0 0 0 0   0
0 0 0 2 0 0 0   0
0 0 0 0 2 0 0   0
0 0 0 0 0 2 0   0
0 0 0 0 0 0 2   0
0 0 0 0 0 0 0   0
++++++++++++++++++++++++

Number of patterns: 76


Week 0 Nurse 3
---------------------------
1 1 1 1 1 0 0   0
1 1 1 1 0 0 1   0
0 1 1 1 1 1 0   0
1 1 1 1 0 0 0   0
0 1 1 1 1 0 0   0
0 1 1 1 0 0 1   0
0 1 1 1 0 0 0   0
1 1 1 0 0 1 1   1
0 0 1 1 1 1 1   1
1 1 1 0 0 1 0   1
1 1 1 0 0 0 1   1
0 1 1 0 0 1 1   1
0 0 1 1 1 1 0   1
1 1 1 0 0 0 0   1
0 1 1 0 0 1 0   1
0 1 1 0 0 0 1   1
0 0 1 1 1 0 0   1
0 0 1 1 0 0 1   1
0 1 1 0 0 0 0   1
0 0 1 1 0 0 0   1
1 1 0 0 1 1 1   2
1 0 0 1 1 1 1   2
1 1 0 0 1 1 0   2
1 1 0 0 0 1 1   2
1 0 0 1 1 1 0   2
0 1 0 0 1 1 1   2
0 0 0 1 1 1 1   2
1 1 0 0 1 0 0   2
1 1 0 0 0 1 0   2
1 1 0 0 0 0 1   2
1 0 0 1 1 0 0   2
1 0 0 1 0 0 1   2
0 1 0 0 1 1 0   2
0 1 0 0 0 1 1   2
0 0 1 0 0 1 1   2
0 0 0 1 1 1 0   2
1 1 0 0 0 0 0   2
1 0 0 1 0 0 0   2
0 1 0 0 1 0 0   2
0 1 0 0 0 1 0   2
0 1 0 0 0 0 1   2
0 0 1 0 0 1 0   2
0 0 1 0 0 0 1   2
0 0 0 1 1 0 0   2
0 0 0 1 0 0 1   2
0 1 0 0 0 0 0   2
0 0 1 0 0 0 0   2
0 0 0 1 0 0 0   2
1 0 0 0 1 1 1   3
1 0 0 0 1 1 0   3
1 0 0 0 0 1 1   3
0 0 0 0 1 1 1   3
1 0 0 0 1 0 0   3
1 0 0 0 0 1 0   3
1 0 0 0 0 0 1   3
0 0 0 0 1 1 0   3
0 0 0 0 0 1 1   3
1 0 0 0 0 0 0   3
0 0 0 0 1 0 0   3
0 0 0 0 0 1 0   3
0 0 0 0 0 0 1   3
0 0 0 0 0 0 0   3
++++++++++++++++++++++++
0 0 0 0 0 0 0   0
++++++++++++++++++++++++

Number of patterns: 63


Week 0 Nurse 4
---------------------------
0 0 0 0 0 0 0   0
++++++++++++++++++++++++
2 0 0 2 2 2 2   0
0 0 2 2 2 2 2   0
0 0 0 2 2 2 2   0
2 0 0 2 2 2 0   1
2 0 0 0 2 2 2   1
0 0 2 2 2 2 0   1
0 0 0 2 2 2 0   1
0 0 0 0 2 2 2   1
2 0 0 2 2 0 0   2
2 0 0 2 0 0 2   2
2 0 0 0 2 2 0   2
2 0 0 0 0 2 2   2
0 0 2 2 2 0 0   2
0 0 2 2 0 0 2   2
0 0 2 0 0 2 2   2
0 0 0 2 2 0 0   2
0 0 0 2 0 0 2   2
0 0 0 0 2 2 0   2
0 0 0 0 0 2 2   2
2 0 0 2 0 0 0   3
2 0 0 0 2 0 0   3
2 0 0 0 0 2 0   3
2 0 0 0 0 0 2   3
0 0 2 2 0 0 0   3
0 0 2 0 0 2 0   3
0 0 2 0 0 0 2   3
0 0 0 2 0 0 0   3
0 0 0 0 2 0 0   3
0 0 0 0 0 2 0   3
0 0 0 0 0 0 2   3
2 0 0 0 0 0 0   4
0 0 2 0 0 0 0   4
0 0 0 0 0 0 0   4
++++++++++++++++++++++++

Number of patterns: 34


Week 0 Nurse 5
---------------------------
1 1 1 1 1 0 0   0
1 1 1 1 0 0 1   0
1 1 1 0 0 1 1   0
1 1 0 0 1 1 1   0
1 0 0 1 1 1 1   0
0 1 1 1 1 1 0   0
0 0 1 1 1 1 1   0
1 1 1 1 0 0 0   0
1 1 1 0 0 1 0   0
1 1 1 0 0 0 1   0
1 1 0 0 1 1 0   0
1 1 0 0 0 1 1   0
1 0 0 1 1 1 0   0
1 0 0 0 1 1 1   0
0 1 1 1 1 0 0   0
0 1 1 1 0 0 1   0
0 1 1 0 0 1 1   0
0 1 0 0 1 1 1   0
0 0 1 1 1 1 0   0
0 0 0 1 1 1 1   0
1 1 1 0 0 0 0   0
1 1 0 0 1 0 0   0
1 1 0 0 0 1 0   0
1 1 0 0 0 0 1   0
1 0 0 1 1 0 0   0
1 0 0 1 0 0 1   0
1 0 0 0 1 1 0   0
1 0 0 0 0 1 1   0
0 1 1 1 0 0 0   0
0 1 1 0 0 1 0   0
0 1 1 0 0 0 1   0
0 1 0 0 1 1 0   0
0 1 0 0 0 1 1   0
0 0 1 1 1 0 0   0
0 0 1 1 0 0 1   0
0 0 1 0 0 1 1   0
0 0 0 1 1 1 0   0
0 0 0 0 1 1 1   0
1 1 0 0 0 0 0   0
1 0 0 1 0 0 0   0
1 0 0 0 1 0 0   0
1 0 0 0 0 1 0   0
1 0 0 0 0 0 1   0
0 1 1 0 0 0 0   0
0 1 0 0 1 0 0   0
0 1 0 0 0 1 0   0
0 1 0 0 0 0 1   0
0 0 1 1 0 0 0   0
0 0 1 0 0 1 0   0
0 0 1 0 0 0 1   0
0 0 0 1 1 0 0   0
0 0 0 1 0 0 1   0
0 0 0 0 1 1 0   0
0 0 0 0 0 1 1   0
1 0 0 0 0 0 0   0
0 1 0 0 0 0 0   0
0 0 1 0 0 0 0   0
0 0 0 1 0 0 0   0
0 0 0 0 1 0 0   0
0 0 0 0 0 1 0   0
0 0 0 0 0 0 1   0
0 0 0 0 0 0 0   0
++++++++++++++++++++++++
2 0 0 2 2 2 2   0
0 2 2 2 2 2 0   0
0 0 2 2 2 2 2   0
2 0 0 2 2 2 0   0
0 0 2 2 2 2 0   0
0 0 0 2 2 2 2   0
0 0 0 2 2 2 0   0
2 2 2 2 2 0 0   3
2 2 0 0 2 2 2   3
2 2 0 0 2 2 0   3
2 0 0 0 2 2 2   3
0 2 2 2 2 0 0   3
0 2 0 0 2 2 2   3
2 0 0 2 2 0 0   3
2 0 0 0 2 2 0   3
0 2 0 0 2 2 0   3
0 0 2 2 2 0 0   3
0 0 0 0 2 2 2   3
0 0 0 2 2 0 0   3
0 0 0 0 2 2 0   3
2 2 2 2 0 0 2   6
2 2 2 0 0 2 2   6
2 2 2 2 0 0 0   6
2 2 2 0 0 2 0   6
2 2 0 0 0 2 2   6
0 2 2 2 0 0 2   6
0 2 2 0 0 2 2   6
2 2 0 0 2 0 0   6
2 2 0 0 0 2 0   6
2 0 0 2 0 0 2   6
2 0 0 0 0 2 2   6
0 2 2 2 0 0 0   6
0 2 2 0 0 2 0   6
0 2 0 0 0 2 2   6
0 0 2 2 0 0 2   6
0 0 2 0 0 2 2   6
2 0 0 2 0 0 0   6
2 0 0 0 2 0 0   6
2 0 0 0 0 2 0   6
0 2 0 0 2 0 0   6
0 2 0 0 0 2 0   6
0 0 2 2 0 0 0   6
0 0 2 0 0 2 0   6
0 0 0 2 0 0 2   6
0 0 0 0 0 2 2   6
0 0 0 2 0 0 0   6
0 0 0 0 2 0 0   6
0 0 0 0 0 2 0   6
2 2 2 0 0 0 2   9
2 2 2 0 0 0 0   9
2 2 0 0 0 0 2   9
0 2 2 0 0 0 2   9
2 2 0 0 0 0 0   9
2 0 0 0 0 0 2   9
0 2 2 0 0 0 0   9
0 2 0 0 0 0 2   9
0 0 2 0 0 0 2   9
2 0 0 0 0 0 0   9
0 2 0 0 0 0 0   9
0 0 2 0 0 0 0   9
0 0 0 0 0 0 2   9
0 0 0 0 0 0 0   9
++++++++++++++++++++++++

Number of patterns: 124


Week 0 Nurse 6
---------------------------
1 1 1 0 0 0 0   0
1 1 0 0 0 0 0   0
0 1 1 0 0 0 0   0
1 0 0 0 0 0 0   0
0 1 0 0 0 0 0   0
0 0 1 0 0 0 0   0
0 0 0 0 0 0 0   0
1 1 1 1 0 0 0   2
1 1 1 0 0 1 0   2
1 1 1 0 0 0 1   2
1 1 0 0 1 0 0   2
1 1 0 0 0 1 0   2
1 1 0 0 0 0 1   2
0 1 1 1 0 0 0   2
0 1 1 0 0 1 0   2
0 1 1 0 0 0 1   2
1 0 0 1 0 0 0   2
1 0 0 0 1 0 0   2
1 0 0 0 0 1 0   2
1 0 0 0 0 0 1   2
0 1 0 0 1 0 0   2
0 1 0 0 0 1 0   2
0 1 0 0 0 0 1   2
0 0 1 1 0 0 0   2
0 0 1 0 0 1 0   2
0 0 1 0 0 0 1   2
0 0 0 1 0 0 0   2
0 0 0 0 1 0 0   2
0 0 0 0 0 1 0   2
0 0 0 0 0 0 1   2
1 1 1 1 1 0 0   4
1 1 1 1 0 0 1   4
1 1 1 0 0 1 1   4
1 1 0 0 1 1 0   4
1 1 0 0 0 1 1   4
0 1 1 1 1 0 0   4
0 1 1 1 0 0 1   4
0 1 1 0 0 1 1   4
1 0 0 1 1 0 0   4
1 0 0 1 0 0 1   4
1 0 0 0 1 1 0   4
1 0 0 0 0 1 1   4
0 1 0 0 1 1 0   4
0 1 0 0 0 1 1   4
0 0 1 1 1 0 0   4
0 0 1 1 0 0 1   4
0 0 1 0 0 1 1   4
0 0 0 1 1 0 0   4
0 0 0 1 0 0 1   4
0 0 0 0 1 1 0   4
0 0 0 0 0 1 1   4
1 1 0 0 1 1 1   6
0 1 1 1 1 1 0   6
1 0 0 1 1 1 0   6
1 0 0 0 1 1 1   6
0 1 0 0 1 1 1   6
0 0 1 1 1 1 0   6
0 0 0 1 1 1 0   6
0 0 0 0 1 1 1   6
1 0 0 1 1 1 1   8
0 0 1 1 1 1 1   8
0 0 0 1 1 1 1   8
++++++++++++++++++++++++
2 2 2 2 2 0 0   0
2 2 2 2 0 0 2   0
2 2 2 0 0 2 2   0
2 2 0 0 2 2 2   0
2 0 0 2 2 2 2   0
0 2 2 2 2 2 0   0
0 0 2 2 2 2 2   0
2 2 2 2 0 0 0   0
2 2 2 0 0 2 0   0
2 2 2 0 0 0 2   0
2 2 0 0 2 2 0   0
2 2 0 0 0 2 2   0
2 0 0 2 2 2 0   0
2 0 0 0 2 2 2   0
0 2 2 2 2 0 0   0
0 2 2 2 0 0 2   0
0 2 2 0 0 2 2   0
0 2 0 0 2 2 2   0
0 0 2 2 2 2 0   0
0 0 0 2 2 2 2   0
2 2 2 0 0 0 0   0
2 2 0 0 2 0 0   0
2 2 0 0 0 2 0   0
2 2 0 0 0 0 2   0
2 0 0 2 2 0 0   0
2 0 0 2 0 0 2   0
2 0 0 0 2 2 0   0
2 0 0 0 0 2 2   0
0 2 2 2 0 0 0   0
0 2 2 0 0 2 0   0
0 2 2 0 0 0 2   0
0 2 0 0 2 2 0   0
0 2 0 0 0 2 2   0
0 0 2 2 2 0 0   0
0 0 2 2 0 0 2   0
0 0 2 0 0 2 2   0
0 0 0 2 2 2 0   0
0 0 0 0 2 2 2   0
2 2 0 0 0 0 0   0
2 0 0 2 0 0 0   0
2 0 0 0 2 0 0   0
2 0 0 0 0 2 0   0
2 0 0 0 0 0 2   0
0 2 2 0 0 0 0   0
0 2 0 0 2 0 0   0
0 2 0 0 0 2 0   0
0 2 0 0 0 0 2   0
0 0 2 2 0 0 0   0
0 0 2 0 0 2 0   0
0 0 2 0 0 0 2   0
0 0 0 2 2 0 0   0
0 0 0 2 0 0 2   0
0 0 0 0 2 2 0   0
0 0 0 0 0 2 2   0
2 0 0 0 0 0 0   0
0 2 0 0 0 0 0   0
0 0 2 0 0 0 0   0
0 0 0 2 0 0 0   0
0 0 0 0 2 0 0   0
0 0 0 0 0 2 0   0
0 0 0 0 0 0 2   0
0 0 0 0 0 0 0   0
++++++++++++++++++++++++

Number of patterns: 124


Week 0 Nurse 7
---------------------------
1 1 1 0 0 1 1   0
1 1 0 0 1 1 1   0
1 1 1 0 0 1 0   0
1 1 1 0 0 0 1   0
1 1 0 0 1 1 0   0
1 1 0 0 0 1 1   0
1 0 0 0 1 1 1   0
0 1 1 0 0 1 1   0
0 1 0 0 1 1 1   0
1 1 1 0 0 0 0   0
1 1 0 0 1 0 0   0
1 1 0 0 0 1 0   0
1 1 0 0 0 0 1   0
1 0 0 0 1 1 0   0
1 0 0 0 0 1 1   0
0 1 1 0 0 1 0   0
0 1 1 0 0 0 1   0
0 1 0 0 1 1 0   0
0 1 0 0 0 1 1   0
0 0 1 0 0 1 1   0
0 0 0 0 1 1 1   0
1 1 0 0 0 0 0   0
1 0 0 0 1 0 0   0
1 0 0 0 0 1 0   0
1 0 0 0 0 0 1   0
0 1 1 0 0 0 0   0
0 1 0 0 1 0 0   0
0 1 0 0 0 1 0   0
0 1 0 0 0 0 1   0
0 0 1 0 0 1 0   0
0 0 1 0 0 0 1   0
0 0 0 0 1 1 0   0
0 0 0 0 0 1 1   0
1 0 0 0 0 0 0   0
0 1 0 0 0 0 0   0
0 0 1 0 0 0 0   0
0 0 0 0 1 0 0   0
0 0 0 0 0 1 0   0
0 0 0 0 0 0 1   0
0 0 0 0 0 0 0   0
++++++++++++++++++++++++
2 0 0 0 2 2 2   0
2 0 0 0 2 2 0   0
2 0 0 0 0 2 2   0
0 0 2 0 0 2 2   0
0 0 0 0 2 2 2   0
2 0 0 0 2 0 0   0
2 0 0 0 0 2 0   0
2 0 0 0 0 0 2   0
0 0 2 0 0 2 0   0
0 0 2 0 0 0 2   0
0 0 0 0 2 2 0   0
0 0 0 0 0 2 2   0
2 0 0 0 0 0 0   0
0 0 2 0 0 0 0   0
0 0 0 0 2 0 0   0
0 0 0 0 0 2 0   0
0 0 0 0 0 0 2   0
0 0 0 0 0 0 0   0
2 2 2 0 0 2 2   2
2 2 0 0 2 2 2   2
2 2 2 0 0 2 0   2
2 2 2 0 0 0 2   2
2 2 0 0 2 2 0   2
2 2 0 0 0 2 2   2
0 2 2 0 0 2 2   2
0 2 0 0 2 2 2   2
2 2 2 0 0 0 0   2
2 2 0 0 2 0 0   2
2 2 0 0 0 2 0   2
2 2 0 0 0 0 2   2
0 2 2 0 0 2 0   2
0 2 2 0 0 0 2   2
0 2 0 0 2 2 0   2
0 2 0 0 0 2 2   2
2 2 0 0 0 0 0   2
0 2 2 0 0 0 0   2
0 2 0 0 2 0 0   2
0 2 0 0 0 2 0   2
0 2 0 0 0 0 2   2
0 2 0 0 0 0 0   2
++++++++++++++++++++++++

Number of patterns: 80


Week 0 Nurse 8
---------------------------
0 1 1 1 1 1 0   0
0 0 1 1 1 1 1   0
0 1 1 1 1 0 0   0
0 1 1 1 0 0 1   0
0 1 1 0 0 1 1   0
0 1 0 0 1 1 1   0
0 0 1 1 1 1 0   0
0 0 0 1 1 1 1   0
0 1 1 1 0 0 0   0
0 1 1 0 0 1 0   0
0 1 1 0 0 0 1   0
0 1 0 0 1 1 0   0
0 1 0 0 0 1 1   0
0 0 1 1 1 0 0   0
0 0 1 1 0 0 1   0
0 0 1 0 0 1 1   0
0 0 0 1 1 1 0   0
0 0 0 0 1 1 1   0
0 1 1 0 0 0 0   0
0 1 0 0 1 0 0   0
0 1 0 0 0 1 0   0
0 1 0 0 0 0 1   0
0 0 1 1 0 0 0   0
0 0 1 0 0 1 0   0
0 0 1 0 0 0 1   0
0 0 0 1 1 0 0   0
0 0 0 1 0 0 1   0
0 0 0 0 1 1 0   0
0 0 0 0 0 1 1   0
0 1 0 0 0 0 0   0
0 0 1 0 0 0 0   0
0 0 0 1 0 0 0   0
0 0 0 0 1 0 0   0
0 0 0 0 0 1 0   0
0 0 0 0 0 0 1   0
0 0 0 0 0 0 0   0
++++++++++++++++++++++++
0 2 2 2 2 2 0   0
0 0 2 2 2 2 2   0
0 2 2 2 2 0 0   0
0 2 2 2 0 0 2   0
0 0 2 2 2 2 0   0
0 2 2 2 0 0 0   0
0 0 2 2 2 0 0   0
0 0 2 2 0 0 2   0
0 0 2 2 0 0 0   0
0 2 2 0 0 2 2   3
0 0 0 2 2 2 2   3
0 2 2 0 0 2 0   3
0 2 2 0 0 0 2   3
0 0 2 0 0 2 2   3
0 0 0 2 2 2 0   3
0 2 2 0 0 0 0   3
0 0 2 0 0 2 0   3
0 0 2 0 0 0 2   3
0 0 0 2 2 0 0   3
0 0 0 2 0 0 2   3
0 0 2 0 0 0 0   3
0 0 0 2 0 0 0   3
0 2 0 0 2 2 2   6
0 2 0 0 2 2 0   6
0 2 0 0 0 2 2   6
0 0 0 0 2 2 2   6
0 2 0 0 2 0 0   6
0 2 0 0 0 2 0   6
0 2 0 0 0 0 2   6
0 0 0 0 2 2 0   6
0 0 0 0 0 2 2   6
0 2 0 0 0 0 0   6
0 0 0 0 2 0 0   6
0 0 0 0 0 2 0   6
0 0 0 0 0 0 2   6
0 0 0 0 0 0 0   6
++++++++++++++++++++++++

Number of patterns: 72


Week 0 Nurse 9
---------------------------
1 0 0 0 0 0 1   0
1 0 0 0 0 0 0   0
0 0 0 0 0 0 1   0
0 0 0 0 0 0 0   0
1 1 0 0 0 0 1   1
1 0 0 1 0 0 1   1
1 0 0 0 0 1 1   1
1 1 0 0 0 0 0   1
1 0 0 1 0 0 0   1
1 0 0 0 1 0 0   1
1 0 0 0 0 1 0   1
0 1 0 0 0 0 1   1
0 0 1 0 0 0 1   1
0 0 0 1 0 0 1   1
0 0 0 0 0 1 1   1
0 1 0 0 0 0 0   1
0 0 1 0 0 0 0   1
0 0 0 1 0 0 0   1
0 0 0 0 1 0 0   1
0 0 0 0 0 1 0   1
1 1 1 0 0 0 1   2
1 1 0 0 0 1 1   2
1 0 0 0 1 1 1   2
1 1 1 0 0 0 0   2
1 1 0 0 1 0 0   2
1 1 0 0 0 1 0   2
1 0 0 1 1 0 0   2
1 0 0 0 1 1 0   2
0 1 1 0 0 0 1   2
0 1 0 0 0 1 1   2
0 0 1 1 0 0 1   2
0 0 1 0 0 1 1   2
0 0 0 0 1 1 1   2
0 1 1 0 0 0 0   2
0 1 0 0 1 0 0   2
0 1 0 0 0 1 0   2
0 0 1 1 0 0 0   2
0 0 1 0 0 1 0   2
0 0 0 1 1 0 0   2
0 0 0 0 1 1 0   2
1 1 1 1 0 0 1   3
1 1 1 0 0 1 1   3
1 1 0 0 1 1 1   3
1 0 0 1 1 1 1   3
1 1 1 1 0 0 0   3
1 1 1 0 0 1 0   3
1 1 0 0 1 1 0   3
1 0 0 1 1 1 0   3
0 1 1 1 0 0 1   3
0 1 1 0 0 1 1   3
0 1 0 0 1 1 1   3
0 0 0 1 1 1 1   3
0 1 1 1 0 0 0   3
0 1 1 0 0 1 0   3
0 1 0 0 1 1 0   3
0 0 1 1 1 0 0   3
0 0 0 1 1 1 0   3
1 1 1 1 1 0 0   4
0 0 1 1 1 1 1   4
0 1 1 1 1 0 0   4
0 0 1 1 1 1 0   4
0 1 1 1 1 1 0   5
++++++++++++++++++++++++
2 2 2 2 2 0 0   0
2 2 2 2 0 0 2   0
2 2 2 0 0 2 2   0
2 2 0 0 2 2 2   0
2 0 0 2 2 2 2   0
0 2 2 2 2 2 0   0
0 0 2 2 2 2 2   0
2 2 2 2 0 0 0   0
2 2 2 0 0 2 0   0
2 2 2 0 0 0 2   0
2 2 0 0 2 2 0   0
2 2 0 0 0 2 2   0
2 0 0 2 2 2 0   0
2 0 0 0 2 2 2   0
0 2 2 2 2 0 0   0
0 2 2 2 0 0 2   0
0 2 2 0 0 2 2   0
0 2 0 0 2 2 2   0
0 0 2 2 2 2 0   0
0 0 0 2 2 2 2   0
2 2 2 0 0 0 0   0
2 2 0 0 2 0 0   0
2 2 0 0 0 2 0   0
2 2 0 0 0 0 2   0
2 0 0 2 2 0 0   0
2 0 0 2 0 0 2   0
2 0 0 0 2 2 0   0
2 0 0 0 0 2 2   0
0 2 2 2 0 0 0   0
0 2 2 0 0 2 0   0
0 2 2 0 0 0 2   0
0 2 0 0 2 2 0   0
0 2 0 0 0 2 2   0
0 0 2 2 2 0 0   0
0 0 2 2 0 0 2   0
0 0 2 0 0 2 2   0
0 0 0 2 2 2 0   0
0 0 0 0 2 2 2   0
2 2 0 0 0 0 0   0
2 0 0 2 0 0 0   0
2 0 0 0 2 0 0   0
2 0 0 0 0 2 0   0
2 0 0 0 0 0 2   0
0 2 2 0 0 0 0   0
0 2 0 0 2 0 0   0
0 2 0 0 0 2 0   0
0 2 0 0 0 0 2   0
0 0 2 2 0 0 0   0
0 0 2 0 0 2 0   0
0 0 2 0 0 0 2   0
0 0 0 2 2 0 0   0
0 0 0 2 0 0 2   0
0 0 0 0 2 2 0   0
0 0 0 0 0 2 2   0
2 0 0 0 0 0 0   0
0 2 0 0 0 0 0   0
0 0 2 0 0 0 0   0
0 0 0 2 0 0 0   0
0 0 0 0 2 0 0   0
0 0 0 0 0 2 0   0
0 0 0 0 0 0 2   0
0 0 0 0 0 0 0   0
++++++++++++++++++++++++

Number of patterns: 124


Week 0 Nurse 10
---------------------------
0 0 0 0 0 0 0   0
++++++++++++++++++++++++
2 2 2 2 0 0 0   0
2 2 2 0 2 0 0   0
2 2 2 0 0 0 2   0
2 2 0 2 2 0 0   0
2 2 0 2 0 0 2   0
2 2 0 0 2 0 2   0
2 0 2 2 2 0 0   0
2 0 2 2 0 0 2   0
2 0 2 0 2 0 2   0
2 0 0 2 2 0 2   0
0 2 2 2 2 0 0   0
0 2 2 2 0 0 2   0
0 2 2 0 2 0 2   0
0 2 0 2 2 0 2   0
0 0 2 2 2 0 2   0
2 2 2 0 0 0 0   0
2 2 0 2 0 0 0   0
2 2 0 0 2 0 0   0
2 2 0 0 0 0 2   0
2 0 2 2 0 0 0   0
2 0 2 0 2 0 0   0
2 0 2 0 0 0 2   0
2 0 0 2 2 0 0   0
2 0 0 2 0 0 2   0
2 0 0 0 2 0 2   0
0 2 2 2 0 0 0   0
0 2 2 0 2 0 0   0
0 2 2 0 0 0 2   0
0 2 0 2 2 0 0   0
0 2 0 2 0 0 2   0
0 2 0 0 2 0 2   0
0 0 2 2 2 0 0   0
0 0 2 2 0 0 2   0
0 0 2 0 2 0 2   0
0 0 0 2 2 0 2   0
2 2 0 0 0 0 0   0
2 0 2 0 0 0 0   0
2 0 0 2 0 0 0   0
2 0 0 0 2 0 0   0
2 0 0 0 0 0 2   0
0 2 2 0 0 0 0   0
0 2 0 2 0 0 0   0
0 2 0 0 2 0 0   0
0 2 0 0 0 0 2   0
0 0 2 2 0 0 0   0
0 0 2 0 2 0 0   0
0 0 2 0 0 0 2   0
0 0 0 2 2 0 0   0
0 0 0 2 0 0 2   0
0 0 0 0 2 0 2   0
2 0 0 0 0 0 0   0
0 2 0 0 0 0 0   0
0 0 2 0 0 0 0   0
0 0 0 2 0 0 0   0
0 0 0 0 2 0 0   0
0 0 0 0 0 0 2   0
0 0 0 0 0 0 0   0
++++++++++++++++++++++++

Number of patterns: 58


Week 0 Nurse 11
---------------------------
0 0 0 0 0 0 0   0
++++++++++++++++++++++++
2 2 0 2 2 0 0   0
2 0 0 2 2 2 0   0
2 0 0 2 2 0 2   0
0 2 0 2 2 2 0   0
0 2 0 2 2 0 2   0
0 0 0 2 2 2 2   0
2 0 0 2 2 0 0   0
0 2 0 2 2 0 0   0
0 0 0 2 2 2 0   0
0 0 0 2 2 0 2   0
0 0 0 2 2 0 0   0
2 2 0 2 0 2 0   1
2 2 0 2 0 0 2   1
2 2 0 0 2 2 0   1
2 2 0 0 2 0 2   1
2 0 0 2 0 2 2   1
2 0 0 0 2 2 2   1
0 2 0 2 0 2 2   1
0 2 0 0 2 2 2   1
2 2 0 2 0 0 0   1
2 2 0 0 2 0 0   1
2 0 0 2 0 2 0   1
2 0 0 2 0 0 2   1
2 0 0 0 2 2 0   1
2 0 0 0 2 0 2   1
0 2 0 2 0 2 0   1
0 2 0 2 0 0 2   1
0 2 0 0 2 2 0   1
0 2 0 0 2 0 2   1
0 0 0 2 0 2 2   1
0 0 0 0 2 2 2   1
2 0 0 2 0 0 0   1
2 0 0 0 2 0 0   1
0 2 0 2 0 0 0   1
0 2 0 0 2 0 0   1
0 0 0 2 0 2 0   1
0 0 0 2 0 0 2   1
0 0 0 0 2 2 0   1
0 0 0 0 2 0 2   1
0 0 0 2 0 0 0   1
0 0 0 0 2 0 0   1
2 2 0 0 0 2 2   2
2 2 0 0 0 2 0   2
2 2 0 0 0 0 2   2
2 0 0 0 0 2 2   2
0 2 0 0 0 2 2   2
2 2 0 0 0 0 0   2
2 0 0 0 0 2 0   2
2 0 0 0 0 0 2   2
0 2 0 0 0 2 0   2
0 2 0 0 0 0 2   2
0 0 0 0 0 2 2   2
2 0 0 0 0 0 0   2
0 2 0 0 0 0 0   2
0 0 0 0 0 2 0   2
0 0 0 0 0 0 2   2
0 0 0 0 0 0 0   2
++++++++++++++++++++++++

Number of patterns: 58


Week 0 Nurse 12
---------------------------
1 1 1 1 0 0 0   0
1 1 1 0 1 0 0   0
1 1 1 0 0 1 0   0
1 1 1 0 0 0 1   0
1 1 0 1 1 0 0   0
1 1 0 1 0 1 0   0
1 1 0 1 0 0 1   0
1 1 0 0 1 1 0   0
1 1 0 0 1 0 1   0
1 1 0 0 0 1 1   0
1 0 1 1 1 0 0   0
1 0 1 1 0 1 0   0
1 0 1 1 0 0 1   0
1 0 1 0 1 1 0   0
1 0 1 0 1 0 1   0
1 0 1 0 0 1 1   0
1 0 0 1 1 1 0   0
1 0 0 1 1 0 1   0
1 0 0 1 0 1 1   0
1 0 0 0 1 1 1   0
0 1 1 1 1 0 0   0
0 1 1 1 0 1 0   0
0 1 1 1 0 0 1   0
0 1 1 0 1 1 0   0
0 1 1 0 1 0 1   0
0 1 1 0 0 1 1   0
0 1 0 1 1 1 0   0
0 1 0 1 1 0 1   0
0 1 0 1 0 1 1   0
0 1 0 0 1 1 1   0
0 0 1 1 1 1 0   0
0 0 1 1 1 0 1   0
0 0 1 1 0 1 1   0
0 0 1 0 1 1 1   0
0 0 0 1 1 1 1   0
1 1 1 0 0 0 0   0
1 1 0 1 0 0 0   0
1 1 0 0 1 0 0   0
1 1 0 0 0 1 0   0
1 1 0 0 0 0 1   0
1 0 1 1 0 0 0   0
1 0 1 0 1 0 0   0
1 0 1 0 0 1 0   0
1 0 1 0 0 0 1   0
1 0 0 1 1 0 0   0
1 0 0 1 0 1 0   0
1 0 0 1 0 0 1   0
1 0 0 0 1 1 0   0
1 0 0 0 1 0 1   0
1 0 0 0 0 1 1   0
0 1 1 1 0 0 0   0
0 1 1 0 1 0 0   0
0 1 1 0 0 1 0   0
0 1 1 0 0 0 1   0
0 1 0 1 1 0 0   0
0 1 0 1 0 1 0   0
0 1 0 1 0 0 1   0
0 1 0 0 1 1 0   0
0 1 0 0 1 0 1   0
0 1 0 0 0 1 1   0
0 0 1 1 1 0 0   0
0 0 1 1 0 1 0   0
0 0 1 1 0 0 1   0
0 0 1 0 1 1 0   0
0 0 1 0 1 0 1   0
0 0 1 0 0 1 1   0
0 0 0 1 1 1 0   0
0 0 0 1 1 0 1   0
0 0 0 1 0 1 1   0
0 0 0 0 1 1 1   0
1 1 0 0 0 0 0   0
1 0 1 0 0 0 0   0
1 0 0 1 0 0 0   0
1 0 0 0 1 0 0   0
1 0 0 0 0 1 0   0
1 0 0 0 0 0 1   0
0 1 1 0 0 0 0   0
0 1 0 1 0 0 0   0
0 1 0 0 1 0 0   0
0 1 0 0 0 1 0   0
0 1 0 0 0 0 1   0
0 0 1 1 0 0 0   0
0 0 1 0 1 0 0   0
0 0 1 0 0 1 0   0
0 0 1 0 0 0 1   0
0 0 0 1 1 0 0   0
0 0 0 1 0 1 0   0
0 0 0 1 0 0 1   0
0 0 0 0 1 1 0   0
0 0 0 0 1 0 1   0
0 0 0 0 0 1 1   0
1 0 0 0 0 0 0   0
0 1 0 0 0 0 0   0
0 0 1 0 0 0 0   0
0 0 0 1 0 0 0   0
0 0 0 0 1 0 0   0
0 0 0 0 0 1 0   0
0 0 0 0 0 0 1   0
0 0 0 0 0 0 0   0
++++++++++++++++++++++++
0 0 0 2 2 2 2   0
2 0 0 2 2 2 0   1
2 0 0 2 2 0 2   1
2 0 0 2 0 2 2   1
2 0 0 0 2 2 2   1
0 2 0 2 2 2 0   1
0 2 0 2 2 0 2   1
0 2 0 2 0 2 2   1
0 2 0 0 2 2 2   1
0 0 2 2 2 2 0   1
0 0 2 2 2 0 2   1
0 0 2 2 0 2 2   1
0 0 2 0 2 2 2   1
0 0 0 2 2 2 0   1
0 0 0 2 2 0 2   1
0 0 0 2 0 2 2   1
0 0 0 0 2 2 2   1
2 2 0 2 2 0 0   2
2 2 0 2 0 2 0   2
2 2 0 2 0 0 2   2
2 2 0 0 2 2 0   2
2 2 0 0 2 0 2   2
2 2 0 0 0 2 2   2
2 0 2 2 2 0 0   2
2 0 2 2 0 2 0   2
2 0 2 2 0 0 2   2
2 0 2 0 2 2 0   2
2 0 2 0 2 0 2   2
2 0 2 0 0 2 2   2
0 2 2 2 2 0 0   2
0 2 2 2 0 2 0   2
0 2 2 2 0 0 2   2
0 2 2 0 2 2 0   2
0 2 2 0 2 0 2   2
0 2 2 0 0 2 2   2
2 0 0 2 2 0 0   2
2 0 0 2 0 2 0   2
2 0 0 2 0 0 2   2
2 0 0 0 2 2 0   2
2 0 0 0 2 0 2   2
2 0 0 0 0 2 2   2
0 2 0 2 2 0 0   2
0 2 0 2 0 2 0   2
0 2 0 2 0 0 2   2
0 2 0 0 2 2 0   2
0 2 0 0 2 0 2   2
0 2 0 0 0 2 2   2
0 0 2 2 2 0 0   2
0 0 2 2 0 2 0   2
0 0 2 2 0 0 2   2
0 0 2 0 2 2 0   2
0 0 2 0 2 0 2   2
0 0 2 0 0 2 2   2
0 0 0 2 2 0 0   2
0 0 0 2 0 2 0   2
0 0 0 2 0 0 2   2
0 0 0 0 2 2 0   2
0 0 0 0 2 0 2   2
0 0 0 0 0 2 2   2
2 2 2 2 0 0 0   3
2 2 2 0 2 0 0   3
2 2 2 0 0 2 0   3
2 2 2 0 0 0 2   3
2 2 0 2 0 0 0   3
2 2 0 0 2 0 0   3
2 2 0 0 0 2 0   3
2 2 0 0 0 0 2   3
2 0 2 2 0 0 0   3
2 0 2 0 2 0 0   3
2 0 2 0 0 2 0   3
2 0 2 0 0 0 2   3
0 2 2 2 0 0 0   3
0 2 2 0 2 0 0   3
0 2 2 0 0 2 0   3
0 2 2 0 0 0 2   3
2 0 0 2 0 0 0   3
2 0 0 0 2 0 0   3
2 0 0 0 0 2 0   3
2 0 0 0 0 0 2   3
0 2 0 2 0 0 0   3
0 2 0 0 2 0 0   3
0 2 0 0 0 2 0   3
0 2 0 0 0 0 2   3
0 0 2 2 0 0 0   3
0 0 2 0 2 0 0   3
0 0 2 0 0 2 0   3
0 0 2 0 0 0 2   3
0 0 0 2 0 0 0   3
0 0 0 0 2 0 0   3
0 0 0 0 0 2 0   3
0 0 0 0 0 0 2   3
2 2 2 0 0 0 0   4
2 2 0 0 0 0 0   4
2 0 2 0 0 0 0   4
0 2 2 0 0 0 0   4
2 0 0 0 0 0 0   4
0 2 0 0 0 0 0   4
0 0 2 0 0 0 0   4
0 0 0 0 0 0 0   4
++++++++++++++++++++++++

Number of patterns: 198


Week 0 Nurse 13
---------------------------
1 1 1 1 0 0 0   0
1 1 1 0 1 0 0   0
1 1 1 0 0 1 0   0
1 1 1 0 0 0 0   0
1 1 0 1 1 0 0   2
1 1 0 1 0 1 0   2
1 1 0 0 1 1 0   2
1 0 1 1 1 0 0   2
1 0 1 1 0 1 0   2
1 0 1 0 1 1 0   2
0 1 1 1 1 0 0   2
0 1 1 1 0 1 0   2
0 1 1 0 1 1 0   2
1 1 0 1 0 0 0   2
1 1 0 0 1 0 0   2
1 1 0 0 0 1 0   2
1 0 1 1 0 0 0   2
1 0 1 0 1 0 0   2
1 0 1 0 0 1 0   2
0 1 1 1 0 0 0   2
0 1 1 0 1 0 0   2
0 1 1 0 0 1 0   2
1 1 0 0 0 0 0   2
1 0 1 0 0 0 0   2
0 1 1 0 0 0 0   2
1 0 0 1 1 1 0   4
0 1 0 1 1 1 0   4
0 0 1 1 1 1 0   4
1 0 0 1 1 0 0   4
1 0 0 1 0 1 0   4
1 0 0 0 1 1 0   4
0 1 0 1 1 0 0   4
0 1 0 1 0 1 0   4
0 1 0 0 1 1 0   4
0 0 1 1 1 0 0   4
0 0 1 1 0 1 0   4
0 0 1 0 1 1 0   4
1 0 0 1 0 0 0   4
1 0 0 0 1 0 0   4
1 0 0 0 0 1 0   4
0 1 0 1 0 0 0   4
0 1 0 0 1 0 0   4
0 1 0 0 0 1 0   4
0 0 1 1 0 0 0   4
0 0 1 0 1 0 0   4
0 0 1 0 0 1 0   4
1 0 0 0 0 0 0   4
0 1 0 0 0 0 0   4
0 0 1 0 0 0 0   4
0 0 0 1 1 1 0   6
0 0 0 1 1 0 0   6
0 0 0 1 0 1 0   6
0 0 0 0 1 1 0   6
0 0 0 1 0 0 0   6
0 0 0 0 1 0 0   6
0 0 0 0 0 1 0   6
0 0 0 0 0 0 0   6
++++++++++++++++++++++++
2 2 2 2 0 0 0   0
2 2 2 0 2 0 0   0
2 2 2 0 0 2 0   0
2 2 0 2 2 0 0   0
2 2 0 2 0 2 0   0
2 2 0 0 2 2 0   0
2 0 2 2 2 0 0   0
2 0 2 2 0 2 0   0
2 0 2 0 2 2 0   0
2 0 0 2 2 2 0   0
0 2 2 2 2 0 0   0
0 2 2 2 0 2 0   0
0 2 2 0 2 2 0   0
0 2 0 2 2 2 0   0
0 0 2 2 2 2 0   0
2 2 2 0 0 0 0   0
2 2 0 2 0 0 0   0
2 2 0 0 2 0 0   0
2 2 0 0 0 2 0   0
2 0 2 2 0 0 0   0
2 0 2 0 2 0 0   0
2 0 2 0 0 2 0   0
2 0 0 2 2 0 0   0
2 0 0 2 0 2 0   0
2 0 0 0 2 2 0   0
0 2 2 2 0 0 0   0
0 2 2 0 2 0 0   0
0 2 2 0 0 2 0   0
0 2 0 2 2 0 0   0
0 2 0 2 0 2 0   0
0 2 0 0 2 2 0   0
0 0 2 2 2 0 0   0
0 0 2 2 0 2 0   0
0 0 2 0 2 2 0   0
0 0 0 2 2 2 0   0
2 2 0 0 0 0 0   0
2 0 2 0 0 0 0   0
2 0 0 2 0 0 0   0
2 0 0 0 2 0 0   0
2 0 0 0 0 2 0   0
0 2 2 0 0 0 0   0
0 2 0 2 0 0 0   0
0 2 0 0 2 0 0   0
0 2 0 0 0 2 0   0
0 0 2 2 0 0 0   0
0 0 2 0 2 0 0   0
0 0 2 0 0 2 0   0
0 0 0 2 2 0 0   0
0 0 0 2 0 2 0   0
0 0 0 0 2 2 0   0
2 0 0 0 0 0 0   0
0 2 0 0 0 0 0   0
0 0 2 0 0 0 0   0
0 0 0 2 0 0 0   0
0 0 0 0 2 0 0   0
0 0 0 0 0 2 0   0
0 0 0 0 0 0 0   0
++++++++++++++++++++++++

Number of patterns: 114


Week 1 Nurse 0
---------------------------
1 1 1 1 1 0 0   0
1 1 1 1 0 0 1   0
1 1 1 0 0 1 1   0
1 1 0 0 1 1 1   0
1 0 0 1 1 1 1   0
0 1 1 1 1 1 0   0
0 0 1 1 1 1 1   0
1 1 1 1 0 0 0   0
1 1 1 0 0 1 0   0
1 1 1 0 0 0 1   0
1 1 0 0 1 1 0   0
1 1 0 0 0 1 1   0
1 0 0 1 1 1 0   0
1 0 0 0 1 1 1   0
0 1 1 1 1 0 0   0
0 1 1 1 0 0 1   0
0 1 1 0 0 1 1   0
0 1 0 0 1 1 1   0
0 0 1 1 1 1 0   0
0 0 0 1 1 1 1   0
1 1 1 0 0 0 0   0
1 1 0 0 1 0 0   0
1 1 0 0 0 1 0   0
1 1 0 0 0 0 1   0
1 0 0 1 1 0 0   0
1 0 0 1 0 0 1   0
1 0 0 0 1 1 0   0
1 0 0 0 0 1 1   0
0 1 1 1 0 0 0   0
0 1 1 0 0 1 0   0
0 1 1 0 0 0 1   0
0 1 0 0 1 1 0   0
0 1 0 0 0 1 1   0
0 0 1 1 1 0 0   0
0 0 1 1 0 0 1   0
0 0 1 0 0 1 1   0
0 0 0 1 1 1 0   0
0 0 0 0 1 1 1   0
1 1 0 0 0 0 0   0
1 0 0 1 0 0 0   0
1 0 0 0 1 0 0   0
1 0 0 0 0 1 0   0
1 0 0 0 0 0 1   0
0 1 1 0 0 0 0   0
0 1 0 0 1 0 0   0
0 1 0 0 0 1 0   0
0 1 0 0 0 0 1   0
0 0 1 1 0 0 0   0
0 0 1 0 0 1 0   0
0 0 1 0 0 0 1   0
0 0 0 1 1 0 0   0
0 0 0 1 0 0 1   0
0 0 0 0 1 1 0   0
0 0 0 0 0 1 1   0
1 0 0 0 0 0 0   0
0 1 0 0 0 0 0   0
0 0 1 0 0 0 0   0
0 0 0 1 0 0 0   0
0 0 0 0 1 0 0   0
0 0 0 0 0 1 0   0
0 0 0 0 0 0 1   0
0 0 0 0 0 0 0   0
++++++++++++++++++++++++
2 2 2 2 2 0 0   0
2 2 2 2 0 0 2   0
2 2 2 0 0 2 2   0
2 2 2 2 0 0 0   0
2 2 2 0 0 2 0   0
2 2 2 0 0 0 2   0
2 2 2 0 0 0 0   0
2 2 0 0 2 2 2   1
0 2 2 2 2 2 0   1
2 2 0 0 2 2 0   1
2 2 0 0 0 2 2   1
0 2 2 2 2 0 0   1
0 2 2 2 0 0 2   1
0 2 2 0 0 2 2   1
2 2 0 0 2 0 0   1
2 2 0 0 0 2 0   1
2 2 0 0 0 0 2   1
0 2 2 2 0 0 0   1
0 2 2 0 0 2 0   1
0 2 2 0 0 0 2   1
2 2 0 0 0 0 0   1
0 2 2 0 0 0 0   1
2 0 0 2 2 2 2   2
0 0 2 2 2 2 2   2
2 0 0 2 2 2 0   2
2 0 0 0 2 2 2   2
0 2 0 0 2 2 2   2
0 0 2 2 2 2 0   2
2 0 0 2 2 0 0   2
2 0 0 2 0 0 2   2
2 0 0 0 2 2 0   2
2 0 0 0 0 2 2   2
0 2 0 0 2 2 0   2
0 2 0 0 0 2 2   2
0 0 2 2 2 0 0   2
0 0 2 2 0 0 2   2
0 0 2 0 0 2 2   2
2 0 0 2 0 0 0   2
2 0 0 0 2 0 0   2
2 0 0 0 0 2 0   2
2 0 0 0 0 0 2   2
0 2 0 0 2 0 0   2
0 2 0 0 0 2 0   2
0 2 0 0 0 0 2   2
0 0 2 2 0 0 0   2
0 0 2 0 0 2 0   2
0 0 2 0 0 0 2   2
2 0 0 0 0 0 0   2
0 2 0 0 0 0 0   2
0 0 2 0 0 0 0   2
0 0 0 2 2 2 2   3
0 0 0 2 2 2 0   3
0 0 0 0 2 2 2   3
0 0 0 2 2 0 0   3
0 0 0 2 0 0 2   3
0 0 0 0 2 2 0   3
0 0 0 0 0 2 2   3
0 0 0 2 0 0 0   3
0 0 0 0 2 0 0   3
0 0 0 0 0 2 0   3
0 0 0 0 0 0 2   3
0 0 0 0 0 0 0   3
++++++++++++++++++++++++

Number of patterns: 124


Week 1 Nurse 1
---------------------------
1 1 1 1 1 0 0   0
1 1 1 1 0 0 1   0
1 1 1 1 0 0 0   0
1 1 1 0 0 1 1   1
0 1 1 1 1 1 0   1
1 1 1 0 0 1 0   1
1 1 1 0 0 0 1   1
0 1 1 1 1 0 0   1
0 1 1 1 0 0 1   1
1 1 1 0 0 0 0   1
0 1 1 1 0 0 0   1
1 1 0 0 1 1 1   2
1 0 0 1 1 1 1   2
0 0 1 1 1 1 1   2
1 1 0 0 1 1 0   2
1 1 0 0 0 1 1   2
1 0 0 1 1 1 0   2
0 1 1 0 0 1 1   2
0 0 1 1 1 1 0   2
1 1 0 0 1 0 0   2
1 1 0 0 0 1 0   2
1 1 0 0 0 0 1   2
1 0 0 1 1 0 0   2
1 0 0 1 0 0 1   2
0 1 1 0 0 1 0   2
0 1 1 0 0 0 1   2
0 0 1 1 1 0 0   2
0 0 1 1 0 0 1   2
1 1 0 0 0 0 0   2
1 0 0 1 0 0 0   2
0 1 1 0 0 0 0   2
0 0 1 1 0 0 0   2
1 0 0 0 1 1 1   3
0 1 0 0 1 1 1   3
0 0 0 1 1 1 1   3
1 0 0 0 1 1 0   3
1 0 0 0 0 1 1   3
0 1 0 0 1 1 0   3
0 1 0 0 0 1 1   3
0 0 1 0 0 1 1   3
0 0 0 1 1 1 0   3
1 0 0 0 1 0 0   3
1 0 0 0 0 1 0   3
1 0 0 0 0 0 1   3
0 1 0 0 1 0 0   3
0 1 0 0 0 1 0   3
0 1 0 0 0 0 1   3
0 0 1 0 0 1 0   3
0 0 1 0 0 0 1   3
0 0 0 1 1 0 0   3
0 0 0 1 0 0 1   3
1 0 0 0 0 0 0   3
0 1 0 0 0 0 0   3
0 0 1 0 0 0 0   3
0 0 0 1 0 0 0   3
0 0 0 0 1 1 1   4
0 0 0 0 1 1 0   4
0 0 0 0 0 1 1   4
0 0 0 0 1 0 0   4
0 0 0 0 0 1 0   4
0 0 0 0 0 0 1   4
0 0 0 0 0 0 0   4
++++++++++++++++++++++++
2 2 2 2 2 0 0   0
2 2 2 2 0 0 2   0
2 2 2 0 0 2 2   0
2 2 0 0 2 2 2   0
2 0 0 2 2 2 2   0
0 2 2 2 2 2 0   0
0 0 2 2 2 2 2   0
2 2 2 2 0 0 0   0
2 2 2 0 0 2 0   0
2 2 2 0 0 0 2   0
2 2 0 0 2 2 0   0
2 2 0 0 0 2 2   0
2 0 0 2 2 2 0   0
2 0 0 0 2 2 2   0
0 2 2 2 2 0 0   0
0 2 2 2 0 0 2   0
0 2 2 0 0 2 2   0
0 2 0 0 2 2 2   0
0 0 2 2 2 2 0   0
0 0 0 2 2 2 2   0
2 2 2 0 0 0 0   0
2 2 0 0 2 0 0   0
2 2 0 0 0 2 0   0
2 2 0 0 0 0 2   0
2 0 0 2 2 0 0   0
2 0 0 2 0 0 2   0
2 0 0 0 2 2 0   0
2 0 0 0 0 2 2   0
0 2 2 2 0 0 0   0
0 2 2 0 0 2 0   0
0 2 2 0 0 0 2   0
0 2 0 0 2 2 0   0
0 2 0 0 0 2 2   0
0 0 2 2 2 0 0   0
0 0 2 2 0 0 2   0
0 0 2 0 0 2 2   0
0 0 0 2 2 2 0   0
0 0 0 0 2 2 2   0
2 2 0 0 0 0 0   0
2 0 0 2 0 0 0   0
2 0 0 0 2 0 0   0
2 0 0 0 0 2 0   0
2 0 0 0 0 0 2   0
0 2 2 0 0 0 0   0
0 2 0 0 2 0 0   0
0 2 0 0 0 2 0   0
0 2 0 0 0 0 2   0
0 0 2 2 0 0 0   0
0 0 2 0 0 2 0   0
0 0 2 0 0 0 2   0
0 0 0 2 2 0 0   0
0 0 0 2 0 0 2   0
0 0 0 0 2 2 0   0
0 0 0 0 0 2 2   0
2 0 0 0 0 0 0   0
0 2 0 0 0 0 0   0
0 0 2 0 0 0 0   0
0 0 0 2 0 0 0   0
0 0 0 0 2 0 0   0
0 0 0 0 0 2 0   0
0 0 0 0 0 0 2   0
0 0 0 0 0 0 0   0
++++++++++++++++++++++++

Number of patterns: 124


Week 1 Nurse 2
---------------------------
1 1 1 1 1 0 0   0
0 1 1 1 1 1 0   0
0 1 1 1 1 0 0   0
1 1 1 1 0 0 1   1
0 0 1 1 1 1 1   1
1 1 1 1 0 0 0   1
0 1 1 1 0 0 1   1
0 0 1 1 1 1 0   1
0 1 1 1 0 0 0   1
0 0 1 1 1 0 0   1
1 1 1 0 0 1 1   2
1 1 0 0 1 1 1   2
1 0 0 1 1 1 1   2
1 1 1 0 0 1 0   2
1 1 1 0 0 0 1   2
1 1 0 0 1 1 0   2
1 0 0 1 1 1 0   2
0 1 1 0 0 1 1   2
0 1 0 0 1 1 1   2
0 0 0 1 1 1 1   2
1 1 1 0 0 0 0   2
1 1 0 0 1 0 0   2
1 0 0 1 1 0 0   2
0 1 1 0 0 1 0   2
0 1 1 0 0 0 1   2
0 1 0 0 1 1 0   2
0 0 1 1 0 0 1   2
0 0 0 1 1 1 0   2
0 1 1 0 0 0 0   2
0 1 0 0 1 0 0   2
0 0 1 1 0 0 0   2
0 0 0 1 1 0 0   2
1 1 0 0 0 1 1   3
1 0 0 0 1 1 1   3
1 1 0 0 0 1 0   3
1 1 0 0 0 0 1   3
1 0 0 1 0 0 1   3
1 0 0 0 1 1 0   3
0 1 0 0 0 1 1   3
0 0 1 0 0 1 1   3
0 0 0 0 1 1 1   3
1 1 0 0 0 0 0   3
1 0 0 1 0 0 0   3
1 0 0 0 1 0 0   3
0 1 0 0 0 1 0   3
0 1 0 0 0 0 1   3
0 0 1 0 0 1 0   3
0 0 1 0 0 0 1   3
0 0 0 1 0 0 1   3
0 0 0 0 1 1 0   3
0 1 0 0 0 0 0   3
0 0 1 0 0 0 0   3
0 0 0 1 0 0 0   3
0 0 0 0 1 0 0   3
1 0 0 0 0 1 1   4
1 0 0 0 0 1 0   4
1 0 0 0 0 0 1   4
0 0 0 0 0 1 1   4
1 0 0 0 0 0 0   4
0 0 0 0 0 1 0   4
0 0 0 0 0 0 1   4
0 0 0 0 0 0 0   4
++++++++++++++++++++++++
2 2 2 2 2 0 0   0
2 2 2 2 0 0 2   0
2 2 2 0 0 2 2   0
2 2 0 0 2 2 2   0
2 0 0 2 2 2 2   0
0 2 2 2 2 2 0   0
0 0 2 2 2 2 2   0
2 2 2 2 0 0 0   0
2 2 2 0 0 2 0   0
2 2 2 0 0 0 2   0
2 2 0 0 2 2 0   0
2 2 0 0 0 2 2   0
2 0 0 2 2 2 0   0
2 0 0 0 2 2 2   0
0 2 2 2 2 0 0   0
0 2 2 2 0 0 2   0
0 2 2 0 0 2 2   0
0 2 0 0 2 2 2   0
0 0 2 2 2 2 0   0
0 0 0 2 2 2 2   0
2 2 2 0 0 0 0   0
2 2 0 0 2 0 0   0
2 2 0 0 0 2 0   0
2 2 0 0 0 0 2   0
2 0 0 2 2 0 0   0
2 0 0 2 0 0 2   0
2 0 0 0 2 2 0   0
2 0 0 0 0 2 2   0
0 2 2 2 0 0 0   0
0 2 2 0 0 2 0   0
0 2 2 0 0 0 2   0
0 2 0 0 2 2 0   0
0 2 0 0 0 2 2   0
0 0 2 2 2 0 0   0
0 0 2 2 0 0 2   0
0 0 2 0 0 2 2   0
0 0 0 2 2 2 0   0
0 0 0 0 2 2 2   0
2 2 0 0 0 0 0   0
2 0 0 2 0 0 0   0
2 0 0 0 2 0 0   0
2 0 0 0 0 2 0   0
2 0 0 0 0 0 2   0
0 2 2 0 0 0 0   0
0 2 0 0 2 0 0   0
0 2 0 0 0 2 0   0
0 2 0 0 0 0 2   0
0 0 2 2 0 0 0   0
0 0 2 0 0 2 0   0
0 0 2 0 0 0 2   0
0 0 0 2 2 0 0   0
0 0 0 2 0 0 2   0
0 0 0 0 2 2 0   0
0 0 0 0 0 2 2   0
2 0 0 0 0 0 0   0
0 2 0 0 0 0 0   0
0 0 2 0 0 0 0   0
0 0 0 2 0 0 0   0
0 0 0 0 2 0 0   0
0 0 0 0 0 2 0   0
0 0 0 0 0 0 2   0
0 0 0 0 0 0 0   0
++++++++++++++++++++++++

Number of patterns: 124


Week 1 Nurse 3
---------------------------
1 1 1 1 1 0 0   0
1 1 1 1 0 0 1   0
1 1 1 1 0 0 0   0
1 1 1 0 0 0 1   0
0 1 1 1 1 0 0   0
0 1 1 1 0 0 1   0
1 1 1 0 0 0 0   0
1 1 0 0 1 0 0   0
1 1 0 0 0 0 1   0
1 0 0 1 1 0 0   0
1 0 0 1 0 0 1   0
0 1 1 1 0 0 0   0
0 1 1 0 0 0 1   0
0 0 1 1 1 0 0   0
0 0 1 1 0 0 1   0
1 1 0 0 0 0 0   0
1 0 0 1 0 0 0   0
1 0 0 0 1 0 0   0
1 0 0 0 0 0 1   0
0 1 1 0 0 0 0   0
0 1 0 0 1 0 0   0
0 1 0 0 0 0 1   0
0 0 1 1 0 0 0   0
0 0 1 0 0 0 1   0
0 0 0 1 1 0 0   0
0 0 0 1 0 0 1   0
1 0 0 0 0 0 0   0
0 1 0 0 0 0 0   0
0 0 1 0 0 0 0   0
0 0 0 1 0 0 0   0
0 0 0 0 1 0 0   0
0 0 0 0 0 0 1   0
0 0 0 0 0 0 0   0
++++++++++++++++++++++++
0 0 0 0 0 0 0   0
++++++++++++++++++++++++

Number of patterns: 34


Week 1 Nurse 4
---------------------------
0 0 0 0 0 0 0   0
++++++++++++++++++++++++
2 2 2 0 0 2 2   0
2 2 0 0 2 2 2   0
2 0 0 2 2 2 2   0
2 2 0 0 0 2 2   0
2 0 0 0 2 2 2   0
2 0 0 0 0 2 2   0
0 0 2 2 2 2 2   1
0 2 2 0 0 2 2   1
0 2 0 0 2 2 2   1
0 0 0 2 2 2 2   1
0 2 0 0 0 2 2   1
0 0 2 0 0 2 2   1
0 0 0 0 2 2 2   1
0 0 0 0 0 2 2   1
2 2 2 2 0 0 2   2
2 2 2 0 0 2 0   2
2 2 2 0 0 0 2   2
2 2 0 0 2 2 0   2
2 0 0 2 2 2 0   2
2 2 0 0 0 2 0   2
2 2 0 0 0 0 2   2
2 0 0 2 0 0 2   2
2 0 0 0 2 2 0   2
2 0 0 0 0 2 0   2
2 0 0 0 0 0 2   2
0 2 2 2 2 2 0   3
0 2 2 2 0 0 2   3
0 0 2 2 2 2 0   3
0 2 2 0 0 2 0   3
0 2 2 0 0 0 2   3
0 2 0 0 2 2 0   3
0 0 2 2 0 0 2   3
0 0 0 2 2 2 0   3
0 2 0 0 0 2 0   3
0 2 0 0 0 0 2   3
0 0 2 0 0 2 0   3
0 0 2 0 0 0 2   3
0 0 0 2 0 0 2   3
0 0 0 0 2 2 0   3
0 0 0 0 0 2 0   3
0 0 0 0 0 0 2   3
2 2 2 2 2 0 0   4
2 2 2 2 0 0 0   4
2 2 2 0 0 0 0   4
2 2 0 0 2 0 0   4
2 0 0 2 2 0 0   4
2 2 0 0 0 0 0   4
2 0 0 2 0 0 0   4
2 0 0 0 2 0 0   4
2 0 0 0 0 0 0   4
0 2 2 2 2 0 0   5
0 2 2 2 0 0 0   5
0 0 2 2 2 0 0   5
0 2 2 0 0 0 0   5
0 2 0 0 2 0 0   5
0 0 2 2 0 0 0   5
0 0 0 2 2 0 0   5
0 2 0 0 0 0 0   5
0 0 2 0 0 0 0   5
0 0 0 2 0 0 0   5
0 0 0 0 2 0 0   5
0 0 0 0 0 0 0   5
++++++++++++++++++++++++

Number of patterns: 63


Week 1 Nurse 5
---------------------------
1 1 1 1 1 0 0   0
0 1 1 1 1 1 0   0
1 1 1 1 0 0 0   0
1 1 1 0 0 1 0   0
1 1 0 0 1 1 0   0
1 0 0 1 1 1 0   0
0 1 1 1 1 0 0   0
0 0 1 1 1 1 0   0
1 1 1 0 0 0 0   0
1 1 0 0 1 0 0   0
1 1 0 0 0 1 0   0
1 0 0 1 1 0 0   0
1 0 0 0 1 1 0   0
0 1 1 1 0 0 0   0
0 1 1 0 0 1 0   0
0 1 0 0 1 1 0   0
0 0 1 1 1 0 0   0
0 0 0 1 1 1 0   0
1 1 0 0 0 0 0   0
1 0 0 1 0 0 0   0
1 0 0 0 1 0 0   0
1 0 0 0 0 1 0   0
0 1 1 0 0 0 0   0
0 1 0 0 1 0 0   0
0 1 0 0 0 1 0   0
0 0 1 1 0 0 0   0
0 0 1 0 0 1 0   0
0 0 0 1 1 0 0   0
0 0 0 0 1 1 0   0
1 0 0 0 0 0 0   0
0 1 0 0 0 0 0   0
0 0 1 0 0 0 0   0
0 0 0 1 0 0 0   0
0 0 0 0 1 0 0   0
0 0 0 0 0 1 0   0
0 0 0 0 0 0 0   0
++++++++++++++++++++++++
2 2 2 2 2 0 0   0
0 2 2 2 2 2 0   0
2 2 2 2 0 0 0   0
2 2 2 0 0 2 0   0
2 2 0 0 2 2 0   0
2 0 0 2 2 2 0   0
0 2 2 2 2 0 0   0
0 0 2 2 2 2 0   0
2 2 2 0 0 0 0   0
2 2 0 0 2 0 0   0
2 2 0 0 0 2 0   0
2 0 0 2 2 0 0   0
2 0 0 0 2 2 0   0
0 2 2 2 0 0 0   0
0 2 2 0 0 2 0   0
0 2 0 0 2 2 0   0
0 0 2 2 2 0 0   0
0 0 0 2 2 2 0   0
2 2 0 0 0 0 0   0
2 0 0 2 0 0 0   0
2 0 0 0 2 0 0   0
2 0 0 0 0 2 0   0
0 2 2 0 0 0 0   0
0 2 0 0 2 0 0   0
0 2 0 0 0 2 0   0
0 0 2 2 0 0 0   0
0 0 2 0 0 2 0   0
0 0 0 2 2 0 0   0
0 0 0 0 2 2 0   0
2 0 0 0 0 0 0   0
0 2 0 0 0 0 0   0
0 0 2 0 0 0 0   0
0 0 0 2 0 0 0   0
0 0 0 0 2 0 0   0
0 0 0 0 0 2 0   0
0 0 0 0 0 0 0   0
++++++++++++++++++++++++

Number of patterns: 72


Week 1 Nurse 6
---------------------------
0 1 0 0 1 1 1   0
0 0 0 1 1 1 1   0
0 1 0 0 1 1 0   0
0 1 0 0 0 1 1   0
0 0 0 1 1 1 0   0
0 0 0 0 1 1 1   0
0 1 0 0 1 0 0   0
0 1 0 0 0 1 0   0
0 1 0 0 0 0 1   0
0 0 0 1 1 0 0   0
0 0 0 1 0 0 1   0
0 0 0 0 1 1 0   0
0 0 0 0 0 1 1   0
0 1 0 0 0 0 0   0
0 0 0 1 0 0 0   0
0 0 0 0 1 0 0   0
0 0 0 0 0 1 0   0
0 0 0 0 0 0 1   0
0 0 0 0 0 0 0   0
1 1 0 0 1 1 1   2
1 0 0 1 1 1 1   2
1 1 0 0 1 1 0   2
1 1 0 0 0 1 1   2
1 0 0 1 1 1 0   2
1 0 0 0 1 1 1   2
1 1 0 0 1 0 0   2
1 1 0 0 0 1 0   2
1 1 0 0 0 0 1   2
1 0 0 1 1 0 0   2
1 0 0 1 0 0 1   2
1 0 0 0 1 1 0   2
1 0 0 0 0 1 1   2
1 1 0 0 0 0 0   2
1 0 0 1 0 0 0   2
1 0 0 0 1 0 0   2
1 0 0 0 0 1 0   2
1 0 0 0 0 0 1   2
1 0 0 0 0 0 0   2
++++++++++++++++++++++++
2 2 0 0 2 2 2   0
2 0 0 2 2 2 2   0
2 2 0 0 2 2 0   0
2 2 0 0 0 2 2   0
2 0 0 2 2 2 0   0
2 0 0 0 2 2 2   0
0 2 0 0 2 2 2   0
0 0 0 2 2 2 2   0
2 2 0 0 2 0 0   0
2 2 0 0 0 2 0   0
2 2 0 0 0 0 2   0
2 0 0 2 2 0 0   0
2 0 0 2 0 0 2   0
2 0 0 0 2 2 0   0
2 0 0 0 0 2 2   0
0 2 0 0 2 2 0   0
0 2 0 0 0 2 2   0
0 0 0 2 2 2 0   0
0 0 0 0 2 2 2   0
2 2 0 0 0 0 0   0
2 0 0 2 0 0 0   0
2 0 0 0 2 0 0   0
2 0 0 0 0 2 0   0
2 0 0 0 0 0 2   0
0 2 0 0 2 0 0   0
0 2 0 0 0 2 0   0
0 2 0 0 0 0 2   0
0 0 0 2 2 0 0   0
0 0 0 2 0 0 2   0
0 0 0 0 2 2 0   0
0 0 0 0 0 2 2   0
2 0 0 0 0 0 0   0
0 2 0 0 0 0 0   0
0 0 0 2 0 0 0   0
0 0 0 0 2 0 0   0
0 0 0 0 0 2 0   0
0 0 0 0 0 0 2   0
0 0 0 0 0 0 0   0
++++++++++++++++++++++++

Number of patterns: 76


Week 1 Nurse 7
---------------------------
1 1 1 1 1 0 0   0
1 1 1 1 0 0 1   0
1 1 1 0 0 1 1   0
1 1 0 0 1 1 1   0
1 0 0 1 1 1 1   0
0 1 1 1 1 1 0   0
0 0 1 1 1 1 1   0
1 1 1 1 0 0 0   0
1 1 1 0 0 1 0   0
1 1 1 0 0 0 1   0
1 1 0 0 1 1 0   0
1 1 0 0 0 1 1   0
1 0 0 1 1 1 0   0
1 0 0 0 1 1 1   0
0 1 1 1 1 0 0   0
0 1 1 1 0 0 1   0
0 1 1 0 0 1 1   0
0 1 0 0 1 1 1   0
0 0 1 1 1 1 0   0
0 0 0 1 1 1 1   0
1 1 1 0 0 0 0   0
1 1 0 0 1 0 0   0
1 1 0 0 0 1 0   0
1 1 0 0 0 0 1   0
1 0 0 1 1 0 0   0
1 0 0 1 0 0 1   0
1 0 0 0 1 1 0   0
1 0 0 0 0 1 1   0
0 1 1 1 0 0 0   0
0 1 1 0 0 1 0   0
0 1 1 0 0 0 1   0
0 1 0 0 1 1 0   0
0 1 0 0 0 1 1   0
0 0 1 1 1 0 0   0
0 0 1 1 0 0 1   0
0 0 1 0 0 1 1   0
0 0 0 1 1 1 0   0
0 0 0 0 1 1 1   0
1 1 0 0 0 0 0   0
1 0 0 1 0 0 0   0
1 0 0 0 1 0 0   0
1 0 0 0 0 1 0   0
1 0 0 0 0 0 1   0
0 1 1 0 0 0 0   0
0 1 0 0 1 0 0   0
0 1 0 0 0 1 0   0
0 1 0 0 0 0 1   0
0 0 1 1 0 0 0   0
0 0 1 0 0 1 0   0
0 0 1 0 0 0 1   0
0 0 0 1 1 0 0   0
0 0 0 1 0 0 1   0
0 0 0 0 1 1 0   0
0 0 0 0 0 1 1   0
1 0 0 0 0 0 0   0
0 1 0 0 0 0 0   0
0 0 1 0 0 0 0   0
0 0 0 1 0 0 0   0
0 0 0 0 1 0 0   0
0 0 0 0 0 1 0   0
0 0 0 0 0 0 1   0
0 0 0 0 0 0 0   0
++++++++++++++++++++++++
2 2 2 2 2 0 0   0
2 2 2 2 0 0 2   0
2 2 2 0 0 2 2   0
2 2 0 0 2 2 2   0
2 0 0 2 2 2 2   0
0 2 2 2 2 2 0   0
0 0 2 2 2 2 2   0
2 2 2 2 0 0 0   0
2 2 2 0 0 2 0   0
2 2 2 0 0 0 2   0
2 2 0 0 2 2 0   0
2 2 0 0 0 2 2   0
2 0 0 2 2 2 0   0
2 0 0 0 2 2 2   0
0 2 2 2 2 0 0   0
0 2 2 2 0 0 2   0
0 2 2 0 0 2 2   0
0 2 0 0 2 2 2   0
0 0 2 2 2 2 0   0
0 0 0 2 2 2 2   0
2 2 2 0 0 0 0   0
2 2 0 0 2 0 0   0
2 2 0 0 0 2 0   0
2 2 0 0 0 0 2   0
2 0 0 2 2 0 0   0
2 0 0 2 0 0 2   0
2 0 0 0 2 2 0   0
2 0 0 0 0 2 2   0
0 2 2 2 0 0 0   0
0 2 2 0 0 2 0   0
0 2 2 0 0 0 2   0
0 2 0 0 2 2 0   0
0 2 0 0 0 2 2   0
0 0 2 2 2 0 0   0
0 0 2 2 0 0 2   0
0 0 2 0 0 2 2   0
0 0 0 2 2 2 0   0
0 0 0 0 2 2 2   0
2 2 0 0 0 0 0   0
2 0 0 2 0 0 0   0
2 0 0 0 2 0 0   0
2 0 0 0 0 2 0   0
2 0 0 0 0 0 2   0
0 2 2 0 0 0 0   0
0 2 0 0 2 0 0   0
0 2 0 0 0 2 0   0
0 2 0 0 0 0 2   0
0 0 2 2 0 0 0   0
0 0 2 0 0 2 0   0
0 0 2 0 0 0 2   0
0 0 0 2 2 0 0   0
0 0 0 2 0 0 2   0
0 0 0 0 2 2 0   0
0 0 0 0 0 2 2   0
2 0 0 0 0 0 0   0
0 2 0 0 0 0 0   0
0 0 2 0 0 0 0   0
0 0 0 2 0 0 0   0
0 0 0 0 2 0 0   0
0 0 0 0 0 2 0   0
0 0 0 0 0 0 2   0
0 0 0 0 0 0 0   0
++++++++++++++++++++++++

Number of patterns: 124


Week 1 Nurse 8
---------------------------
1 1 1 0 0 1 1   0
1 1 0 0 1 1 1   0
1 0 0 1 1 1 1   0
0 1 1 1 1 1 0   0
0 0 1 1 1 1 1   0
1 1 1 0 0 1 0   0
1 1 0 0 1 1 0   0
1 1 0 0 0 1 1   0
1 0 0 1 1 1 0   0
1 0 0 0 1 1 1   0
0 1 1 0 0 1 1   0
0 1 0 0 1 1 1   0
0 0 1 1 1 1 0   0
0 0 0 1 1 1 1   0
1 1 0 0 0 1 0   0
1 0 0 0 1 1 0   0
1 0 0 0 0 1 1   0
0 1 1 0 0 1 0   0
0 1 0 0 1 1 0   0
0 1 0 0 0 1 1   0
0 0 1 0 0 1 1   0
0 0 0 1 1 1 0   0
0 0 0 0 1 1 1   0
1 0 0 0 0 1 0   0
0 1 0 0 0 1 0   0
0 0 1 0 0 1 0   0
0 0 0 0 1 1 0   0
0 0 0 0 0 1 1   0
0 0 0 0 0 1 0   0
1 1 1 1 1 0 0   2
1 1 1 1 0 0 1   2
1 1 1 1 0 0 0   2
1 1 1 0 0 0 1   2
0 1 1 1 1 0 0   2
0 1 1 1 0 0 1   2
1 1 1 0 0 0 0   2
1 1 0 0 1 0 0   2
1 1 0 0 0 0 1   2
1 0 0 1 1 0 0   2
1 0 0 1 0 0 1   2
0 1 1 1 0 0 0   2
0 1 1 0 0 0 1   2
0 0 1 1 1 0 0   2
0 0 1 1 0 0 1   2
1 1 0 0 0 0 0   2
1 0 0 1 0 0 0   2
1 0 0 0 1 0 0   2
1 0 0 0 0 0 1   2
0 1 1 0 0 0 0   2
0 1 0 0 1 0 0   2
0 1 0 0 0 0 1   2
0 0 1 1 0 0 0   2
0 0 1 0 0 0 1   2
0 0 0 1 1 0 0   2
0 0 0 1 0 0 1   2
1 0 0 0 0 0 0   2
0 1 0 0 0 0 0   2
0 0 1 0 0 0 0   2
0 0 0 1 0 0 0   2
0 0 0 0 1 0 0   2
0 0 0 0 0 0 1   2
0 0 0 0 0 0 0   2
++++++++++++++++++++++++
2 2 2 2 2 0 0   0
2 2 2 2 0 0 2   0
2 2 2 0 0 2 2   0
2 2 0 0 2 2 2   0
2 0 0 2 2 2 2   0
0 2 2 2 2 2 0   0
0 0 2 2 2 2 2   0
2 2 2 2 0 0 0   0
2 2 2 0 0 2 0   0
2 2 2 0 0 0 2   0
2 2 0 0 2 2 0   0
2 2 0 0 0 2 2   0
2 0 0 2 2 2 0   0
2 0 0 0 2 2 2   0
0 2 2 2 2 0 0   0
0 2 2 2 0 0 2   0
0 2 2 0 0 2 2   0
0 2 0 0 2 2 2   0
0 0 2 2 2 2 0   0
0 0 0 2 2 2 2   0
2 2 2 0 0 0 0   0
2 2 0 0 2 0 0   0
2 2 0 0 0 2 0   0
2 2 0 0 0 0 2   0
2 0 0 2 2 0 0   0
2 0 0 2 0 0 2   0
2 0 0 0 2 2 0   0
2 0 0 0 0 2 2   0
0 2 2 2 0 0 0   0
0 2 2 0 0 2 0   0
0 2 2 0 0 0 2   0
0 2 0 0 2 2 0   0
0 2 0 0 0 2 2   0
0 0 2 2 2 0 0   0
0 0 2 2 0 0 2   0
0 0 2 0 0 2 2   0
0 0 0 2 2 2 0   0
0 0 0 0 2 2 2   0
2 2 0 0 0 0 0   0
2 0 0 2 0 0 0   0
2 0 0 0 2 0 0   0
2 0 0 0 0 2 0   0
2 0 0 0 0 0 2   0
0 2 2 0 0 0 0   0
0 2 0 0 2 0 0   0
0 2 0 0 0 2 0   0
0 2 0 0 0 0 2   0
0 0 2 2 0 0 0   0
0 0 2 0 0 2 0   0
0 0 2 0 0 0 2   0
0 0 0 2 2 0 0   0
0 0 0 2 0 0 2   0
0 0 0 0 2 2 0   0
0 0 0 0 0 2 2   0
2 0 0 0 0 0 0   0
0 2 0 0 0 0 0   0
0 0 2 0 0 0 0   0
0 0 0 2 0 0 0   0
0 0 0 0 2 0 0   0
0 0 0 0 0 2 0   0
0 0 0 0 0 0 2   0
0 0 0 0 0 0 0   0
++++++++++++++++++++++++

Number of patterns: 124


Week 1 Nurse 9
---------------------------
1 0 0 1 1 1 1   0
0 0 1 1 1 1 1   0
1 0 0 1 1 1 0   0
1 0 0 0 1 1 1   0
0 0 1 1 1 1 0   0
0 0 0 1 1 1 1   0
1 0 0 1 1 0 0   0
1 0 0 1 0 0 1   0
1 0 0 0 1 1 0   0
1 0 0 0 0 1 1   0
0 0 1 1 1 0 0   0
0 0 1 1 0 0 1   0
0 0 1 0 0 1 1   0
0 0 0 1 1 1 0   0
0 0 0 0 1 1 1   0
1 0 0 1 0 0 0   0
1 0 0 0 1 0 0   0
1 0 0 0 0 1 0   0
1 0 0 0 0 0 1   0
0 0 1 1 0 0 0   0
0 0 1 0 0 1 0   0
0 0 1 0 0 0 1   0
0 0 0 1 1 0 0   0
0 0 0 1 0 0 1   0
0 0 0 0 1 1 0   0
0 0 0 0 0 1 1   0
1 0 0 0 0 0 0   0
0 0 1 0 0 0 0   0
0 0 0 1 0 0 0   0
0 0 0 0 1 0 0   0
0 0 0 0 0 1 0   0
0 0 0 0 0 0 1   0
0 0 0 0 0 0 0   0
++++++++++++++++++++++++
2 0 0 2 2 2 2   0
0 0 2 2 2 2 2   0
2 0 0 2 2 2 0   0
2 0 0 0 2 2 2   0
0 0 2 2 2 2 0   0
0 0 0 2 2 2 2   0
2 0 0 2 2 0 0   0
2 0 0 0 2 2 0   0
0 0 2 2 2 0 0   0
0 0 0 2 2 2 0   0
0 0 0 0 2 2 2   0
2 0 0 0 2 0 0   0
0 0 0 2 2 0 0   0
0 0 0 0 2 2 0   0
0 0 0 0 2 0 0   0
2 0 0 2 0 0 2   3
2 0 0 0 0 2 2   3
0 0 2 2 0 0 2   3
0 0 2 0 0 2 2   3
2 0 0 2 0 0 0   3
2 0 0 0 0 2 0   3
2 0 0 0 0 0 2   3
0 0 2 2 0 0 0   3
0 0 2 0 0 2 0   3
0 0 2 0 0 0 2   3
0 0 0 2 0 0 2   3
0 0 0 0 0 2 2   3
2 0 0 0 0 0 0   3
0 0 2 0 0 0 0   3
0 0 0 2 0 0 0   3
0 0 0 0 0 2 0   3
0 0 0 0 0 0 2   3
0 0 0 0 0 0 0   3
++++++++++++++++++++++++

Number of patterns: 66


Week 1 Nurse 10
---------------------------
0 0 0 0 0 0 0   0
++++++++++++++++++++++++
2 2 2 2 0 0 0   0
2 2 2 0 2 0 0   0
2 2 2 0 0 2 0   0
2 2 2 0 0 0 2   0
2 2 2 0 0 0 0   0
2 2 0 2 2 0 0   1
2 2 0 2 0 2 0   1
2 2 0 2 0 0 2   1
2 2 0 0 2 2 0   1
2 2 0 0 2 0 2   1
2 2 0 0 0 2 2   1
2 0 2 2 2 0 0   1
2 0 2 2 0 2 0   1
2 0 2 2 0 0 2   1
2 0 2 0 2 2 0   1
2 0 2 0 2 0 2   1
2 0 2 0 0 2 2   1
0 2 2 2 2 0 0   1
0 2 2 2 0 2 0   1
0 2 2 2 0 0 2   1
0 2 2 0 2 2 0   1
0 2 2 0 2 0 2   1
0 2 2 0 0 2 2   1
2 2 0 2 0 0 0   1
2 2 0 0 2 0 0   1
2 2 0 0 0 2 0   1
2 2 0 0 0 0 2   1
2 0 2 2 0 0 0   1
2 0 2 0 2 0 0   1
2 0 2 0 0 2 0   1
2 0 2 0 0 0 2   1
0 2 2 2 0 0 0   1
0 2 2 0 2 0 0   1
0 2 2 0 0 2 0   1
0 2 2 0 0 0 2   1
2 2 0 0 0 0 0   1
2 0 2 0 0 0 0   1
0 2 2 0 0 0 0   1
2 0 0 2 2 2 0   2
2 0 0 2 2 0 2   2
2 0 0 2 0 2 2   2
2 0 0 0 2 2 2   2
0 2 0 2 2 2 0   2
0 2 0 2 2 0 2   2
0 2 0 2 0 2 2   2
0 2 0 0 2 2 2   2
0 0 2 2 2 2 0   2
0 0 2 2 2 0 2   2
0 0 2 2 0 2 2   2
0 0 2 0 2 2 2   2
2 0 0 2 2 0 0   2
2 0 0 2 0 2 0   2
2 0 0 2 0 0 2   2
2 0 0 0 2 2 0   2
2 0 0 0 2 0 2   2
2 0 0 0 0 2 2   2
0 2 0 2 2 0 0   2
0 2 0 2 0 2 0   2
0 2 0 2 0 0 2   2
0 2 0 0 2 2 0   2
0 2 0 0 2 0 2   2
0 2 0 0 0 2 2   2
0 0 2 2 2 0 0   2
0 0 2 2 0 2 0   2
0 0 2 2 0 0 2   2
0 0 2 0 2 2 0   2
0 0 2 0 2 0 2   2
0 0 2 0 0 2 2   2
2 0 0 2 0 0 0   2
2 0 0 0 2 0 0   2
2 0 0 0 0 2 0   2
2 0 0 0 0 0 2   2
0 2 0 2 0 0 0   2
0 2 0 0 2 0 0   2
0 2 0 0 0 2 0   2
0 2 0 0 0 0 2   2
0 0 2 2 0 0 0   2
0 0 2 0 2 0 0   2
0 0 2 0 0 2 0   2
0 0 2 0 0 0 2   2
2 0 0 0 0 0 0   2
0 2 0 0 0 0 0   2
0 0 2 0 0 0 0   2
0 0 0 2 2 2 2   3
0 0 0 2 2 2 0   3
0 0 0 2 2 0 2   3
0 0 0 2 0 2 2   3
0 0 0 0 2 2 2   3
0 0 0 2 2 0 0   3
0 0 0 2 0 2 0   3
0 0 0 2 0 0 2   3
0 0 0 0 2 2 0   3
0 0 0 0 2 0 2   3
0 0 0 0 0 2 2   3
0 0 0 2 0 0 0   3
0 0 0 0 2 0 0   3
0 0 0 0 0 2 0   3
0 0 0 0 0 0 2   3
0 0 0 0 0 0 0   3
++++++++++++++++++++++++

Number of patterns: 100


Week 1 Nurse 11
---------------------------
0 0 0 0 0 0 0   0
++++++++++++++++++++++++
0 0 0 2 2 2 2   0
2 0 0 2 2 2 0   3
2 0 0 2 2 0 2   3
2 0 0 2 0 2 2   3
2 0 0 0 2 2 2   3
0 2 0 2 2 2 0   3
0 2 0 2 2 0 2   3
0 2 0 2 0 2 2   3
0 2 0 0 2 2 2   3
0 0 2 2 2 2 0   3
0 0 2 2 2 0 2   3
0 0 2 2 0 2 2   3
0 0 2 0 2 2 2   3
0 0 0 2 2 2 0   3
0 0 0 2 2 0 2   3
0 0 0 2 0 2 2   3
0 0 0 0 2 2 2   3
2 2 0 2 2 0 0   6
2 2 0 2 0 2 0   6
2 2 0 2 0 0 2   6
2 2 0 0 2 2 0   6
2 2 0 0 2 0 2   6
2 2 0 0 0 2 2   6
2 0 2 2 2 0 0   6
2 0 2 2 0 2 0   6
2 0 2 2 0 0 2   6
2 0 2 0 2 2 0   6
2 0 2 0 2 0 2   6
2 0 2 0 0 2 2   6
0 2 2 2 2 0 0   6
0 2 2 2 0 2 0   6
0 2 2 2 0 0 2   6
0 2 2 0 2 2 0   6
0 2 2 0 2 0 2   6
0 2 2 0 0 2 2   6
2 0 0 2 2 0 0   6
2 0 0 2 0 2 0   6
2 0 0 2 0 0 2   6
2 0 0 0 2 2 0   6
2 0 0 0 2 0 2   6
2 0 0 0 0 2 2   6
0 2 0 2 2 0 0   6
0 2 0 2 0 2 0   6
0 2 0 2 0 0 2   6
0 2 0 0 2 2 0   6
0 2 0 0 2 0 2   6
0 2 0 0 0 2 2   6
0 0 2 2 2 0 0   6
0 0 2 2 0 2 0   6
0 0 2 2 0 0 2   6
0 0 2 0 2 2 0   6
0 0 2 0 2 0 2   6
0 0 2 0 0 2 2   6
0 0 0 2 2 0 0   6
0 0 0 2 0 2 0   6
0 0 0 2 0 0 2   6
0 0 0 0 2 2 0   6
0 0 0 0 2 0 2   6
0 0 0 0 0 2 2   6
2 2 2 2 0 0 0   9
2 2 2 0 2 0 0   9
2 2 2 0 0 2 0   9
2 2 2 0 0 0 2   9
2 2 0 2 0 0 0   9
2 2 0 0 2 0 0   9
2 2 0 0 0 2 0   9
2 2 0 0 0 0 2   9
2 0 2 2 0 0 0   9
2 0 2 0 2 0 0   9
2 0 2 0 0 2 0   9
2 0 2 0 0 0 2   9
0 2 2 2 0 0 0   9
0 2 2 0 2 0 0   9
0 2 2 0 0 2 0   9
0 2 2 0 0 0 2   9
2 0 0 2 0 0 0   9
2 0 0 0 2 0 0   9
2 0 0 0 0 2 0   9
2 0 0 0 0 0 2   9
0 2 0 2 0 0 0   9
0 2 0 0 2 0 0   9
0 2 0 0 0 2 0   9
0 2 0 0 0 0 2   9
0 0 2 2 0 0 0   9
0 0 2 0 2 0 0   9
0 0 2 0 0 2 0   9
0 0 2 0 0 0 2   9
0 0 0 2 0 0 0   9
0 0 0 0 2 0 0   9
0 0 0 0 0 2 0   9
0 0 0 0 0 0 2   9
2 2 2 0 0 0 0   12
2 2 0 0 0 0 0   12
2 0 2 0 0 0 0   12
0 2 2 0 0 0 0   12
2 0 0 0 0 0 0   12
0 2 0 0 0 0 0   12
0 0 2 0 0 0 0   12
0 0 0 0 0 0 0   12
++++++++++++++++++++++++

Number of patterns: 100


Week 1 Nurse 12
---------------------------
1 0 1 1 1 0 0   0
1 0 1 1 0 1 0   0
1 0 1 1 0 0 1   0
1 0 1 0 1 1 0   0
1 0 1 0 1 0 1   0
1 0 1 0 0 1 1   0
1 0 0 1 1 1 0   0
1 0 0 1 1 0 1   0
1 0 0 1 0 1 1   0
1 0 0 0 1 1 1   0
0 0 1 1 1 1 0   0
0 0 1 1 1 0 1   0
0 0 1 1 0 1 1   0
0 0 1 0 1 1 1   0
0 0 0 1 1 1 1   0
1 0 1 1 0 0 0   0
1 0 1 0 1 0 0   0
1 0 1 0 0 1 0   0
1 0 1 0 0 0 1   0
1 0 0 1 1 0 0   0
1 0 0 1 0 1 0   0
1 0 0 1 0 0 1   0
1 0 0 0 1 1 0   0
1 0 0 0 1 0 1   0
1 0 0 0 0 1 1   0
0 0 1 1 1 0 0   0
0 0 1 1 0 1 0   0
0 0 1 1 0 0 1   0
0 0 1 0 1 1 0   0
0 0 1 0 1 0 1   0
0 0 1 0 0 1 1   0
0 0 0 1 1 1 0   0
0 0 0 1 1 0 1   0
0 0 0 1 0 1 1   0
0 0 0 0 1 1 1   0
1 0 1 0 0 0 0   0
1 0 0 1 0 0 0   0
1 0 0 0 1 0 0   0
1 0 0 0 0 1 0   0
1 0 0 0 0 0 1   0
0 0 1 1 0 0 0   0
0 0 1 0 1 0 0   0
0 0 1 0 0 1 0   0
0 0 1 0 0 0 1   0
0 0 0 1 1 0 0   0
0 0 0 1 0 1 0   0
0 0 0 1 0 0 1   0
0 0 0 0 1 1 0   0
0 0 0 0 1 0 1   0
0 0 0 0 0 1 1   0
1 0 0 0 0 0 0   0
0 0 1 0 0 0 0   0
0 0 0 1 0 0 0   0
0 0 0 0 1 0 0   0
0 0 0 0 0 1 0   0
0 0 0 0 0 0 1   0
0 0 0 0 0 0 0   0
++++++++++++++++++++++++
2 0 2 2 0 2 0   0
2 0 2 2 0 0 2   0
2 0 2 0 0 2 2   0
2 0 0 2 0 2 2   0
2 0 2 2 0 0 0   0
2 0 2 0 0 2 0   0
2 0 2 0 0 0 2   0
2 0 0 2 0 2 0   0
2 0 0 2 0 0 2   0
2 0 0 0 0 2 2   0
2 0 2 0 0 0 0   0
2 0 0 2 0 0 0   0
2 0 0 0 0 2 0   0
2 0 0 0 0 0 2   0
2 0 0 0 0 0 0   0
2 0 2 2 2 0 0   1
2 0 2 0 2 2 0   1
2 0 2 0 2 0 2   1
2 0 0 2 2 2 0   1
2 0 0 2 2 0 2   1
2 0 0 0 2 2 2   1
0 0 2 2 0 2 2   1
2 0 2 0 2 0 0   1
2 0 0 2 2 0 0   1
2 0 0 0 2 2 0   1
2 0 0 0 2 0 2   1
0 0 2 2 0 2 0   1
0 0 2 2 0 0 2   1
0 0 2 0 0 2 2   1
0 0 0 2 0 2 2   1
2 0 0 0 2 0 0   1
0 0 2 2 0 0 0   1
0 0 2 0 0 2 0   1
0 0 2 0 0 0 2   1
0 0 0 2 0 2 0   1
0 0 0 2 0 0 2   1
0 0 0 0 0 2 2   1
0 0 2 0 0 0 0   1
0 0 0 2 0 0 0   1
0 0 0 0 0 2 0   1
0 0 0 0 0 0 2   1
0 0 0 0 0 0 0   1
0 0 2 2 2 2 0   2
0 0 2 2 2 0 2   2
0 0 2 0 2 2 2   2
0 0 0 2 2 2 2   2
0 0 2 2 2 0 0   2
0 0 2 0 2 2 0   2
0 0 2 0 2 0 2   2
0 0 0 2 2 2 0   2
0 0 0 2 2 0 2   2
0 0 0 0 2 2 2   2
0 0 2 0 2 0 0   2
0 0 0 2 2 0 0   2
0 0 0 0 2 2 0   2
0 0 0 0 2 0 2   2
0 0 0 0 2 0 0   2
++++++++++++++++++++++++

Number of patterns: 114


Week 1 Nurse 13
---------------------------
1 1 1 1 0 0 0   0
0 1 1 1 1 0 0   0
0 1 1 1 0 1 0   0
0 1 1 1 0 0 1   0
0 1 1 1 0 0 0   0
1 1 1 0 1 0 0   3
1 1 1 0 0 1 0   3
1 1 1 0 0 0 1   3
1 1 0 1 1 0 0   3
1 1 0 1 0 1 0   3
1 1 0 1 0 0 1   3
1 0 1 1 1 0 0   3
1 0 1 1 0 1 0   3
1 0 1 1 0 0 1   3
0 1 1 0 1 1 0   3
0 1 1 0 1 0 1   3
0 1 1 0 0 1 1   3
0 1 0 1 1 1 0   3
0 1 0 1 1 0 1   3
0 1 0 1 0 1 1   3
0 0 1 1 1 1 0   3
0 0 1 1 1 0 1   3
0 0 1 1 0 1 1   3
1 1 1 0 0 0 0   3
1 1 0 1 0 0 0   3
1 0 1 1 0 0 0   3
0 1 1 0 1 0 0   3
0 1 1 0 0 1 0   3
0 1 1 0 0 0 1   3
0 1 0 1 1 0 0   3
0 1 0 1 0 1 0   3
0 1 0 1 0 0 1   3
0 0 1 1 1 0 0   3
0 0 1 1 0 1 0   3
0 0 1 1 0 0 1   3
0 1 1 0 0 0 0   3
0 1 0 1 0 0 0   3
0 0 1 1 0 0 0   3
1 1 0 0 1 1 0   6
1 1 0 0 1 0 1   6
1 1 0 0 0 1 1   6
1 0 1 0 1 1 0   6
1 0 1 0 1 0 1   6
1 0 1 0 0 1 1   6
1 0 0 1 1 1 0   6
1 0 0 1 1 0 1   6
1 0 0 1 0 1 1   6
0 1 0 0 1 1 1   6
0 0 1 0 1 1 1   6
0 0 0 1 1 1 1   6
1 1 0 0 1 0 0   6
1 1 0 0 0 1 0   6
1 1 0 0 0 0 1   6
1 0 1 0 1 0 0   6
1 0 1 0 0 1 0   6
1 0 1 0 0 0 1   6
1 0 0 1 1 0 0   6
1 0 0 1 0 1 0   6
1 0 0 1 0 0 1   6
0 1 0 0 1 1 0   6
0 1 0 0 1 0 1   6
0 1 0 0 0 1 1   6
0 0 1 0 1 1 0   6
0 0 1 0 1 0 1   6
0 0 1 0 0 1 1   6
0 0 0 1 1 1 0   6
0 0 0 1 1 0 1   6
0 0 0 1 0 1 1   6
1 1 0 0 0 0 0   6
1 0 1 0 0 0 0   6
1 0 0 1 0 0 0   6
0 1 0 0 1 0 0   6
0 1 0 0 0 1 0   6
0 1 0 0 0 0 1   6
0 0 1 0 1 0 0   6
0 0 1 0 0 1 0   6
0 0 1 0 0 0 1   6
0 0 0 1 1 0 0   6
0 0 0 1 0 1 0   6
0 0 0 1 0 0 1   6
0 1 0 0 0 0 0   6
0 0 1 0 0 0 0   6
0 0 0 1 0 0 0   6
1 0 0 0 1 1 1   9
1 0 0 0 1 1 0   9
1 0 0 0 1 0 1   9
1 0 0 0 0 1 1   9
0 0 0 0 1 1 1   9
1 0 0 0 1 0 0   9
1 0 0 0 0 1 0   9
1 0 0 0 0 0 1   9
0 0 0 0 1 1 0   9
0 0 0 0 1 0 1   9
0 0 0 0 0 1 1   9
1 0 0 0 0 0 0   9
0 0 0 0 1 0 0   9
0 0 0 0 0 1 0   9
0 0 0 0 0 0 1   9
0 0 0 0 0 0 0   9
++++++++++++++++++++++++
2 2 2 2 0 0 0   0
2 2 2 0 2 0 0   0
2 2 2 0 0 2 0   0
2 2 2 0 0 0 2   0
2 2 0 2 2 0 0   0
2 2 0 2 0 2 0   0
2 2 0 2 0 0 2   0
2 2 0 0 2 2 0   0
2 2 0 0 2 0 2   0
2 2 0 0 0 2 2   0
2 0 2 2 2 0 0   0
2 0 2 2 0 2 0   0
2 0 2 2 0 0 2   0
2 0 2 0 2 2 0   0
2 0 2 0 2 0 2   0
2 0 2 0 0 2 2   0
2 0 0 2 2 2 0   0
2 0 0 2 2 0 2   0
2 0 0 2 0 2 2   0
2 0 0 0 2 2 2   0
0 2 2 2 2 0 0   0
0 2 2 2 0 2 0   0
0 2 2 2 0 0 2   0
0 2 2 0 2 2 0   0
0 2 2 0 2 0 2   0
0 2 2 0 0 2 2   0
0 2 0 2 2 2 0   0
0 2 0 2 2 0 2   0
0 2 0 2 0 2 2   0
0 2 0 0 2 2 2   0
0 0 2 2 2 2 0   0
0 0 2 2 2 0 2   0
0 0 2 2 0 2 2   0
0 0 2 0 2 2 2   0
0 0 0 2 2 2 2   0
2 2 2 0 0 0 0   0
2 2 0 2 0 0 0   0
2 2 0 0 2 0 0   0
2 2 0 0 0 2 0   0
2 2 0 0 0 0 2   0
2 0 2 2 0 0 0   0
2 0 2 0 2 0 0   0
2 0 2 0 0 2 0   0
2 0 2 0 0 0 2   0
2 0 0 2 2 0 0   0
2 0 0 2 0 2 0   0
2 0 0 2 0 0 2   0
2 0 0 0 2 2 0   0
2 0 0 0 2 0 2   0
2 0 0 0 0 2 2   0
0 2 2 2 0 0 0   0
0 2 2 0 2 0 0   0
0 2 2 0 0 2 0   0
0 2 2 0 0 0 2   0
0 2 0 2 2 0 0   0
0 2 0 2 0 2 0   0
0 2 0 2 0 0 2   0
0 2 0 0 2 2 0   0
0 2 0 0 2 0 2   0
0 2 0 0 0 2 2   0
0 0 2 2 2 0 0   0
0 0 2 2 0 2 0   0
0 0 2 2 0 0 2   0
0 0 2 0 2 2 0   0
0 0 2 0 2 0 2   0
0 0 2 0 0 2 2   0
0 0 0 2 2 2 0   0
0 0 0 2 2 0 2   0
0 0 0 2 0 2 2   0
0 0 0 0 2 2 2   0
2 2 0 0 0 0 0   0
2 0 2 0 0 0 0   0
2 0 0 2 0 0 0   0
2 0 0 0 2 0 0   0
2 0 0 0 0 2 0   0
2 0 0 0 0 0 2   0
0 2 2 0 0 0 0   0
0 2 0 2 0 0 0   0
0 2 0 0 2 0 0   0
0 2 0 0 0 2 0   0
0 2 0 0 0 0 2   0
0 0 2 2 0 0 0   0
0 0 2 0 2 0 0   0
0 0 2 0 0 2 0   0
0 0 2 0 0 0 2   0
0 0 0 2 2 0 0   0
0 0 0 2 0 2 0   0
0 0 0 2 0 0 2   0
0 0 0 0 2 2 0   0
0 0 0 0 2 0 2   0
0 0 0 0 0 2 2   0
2 0 0 0 0 0 0   0
0 2 0 0 0 0 0   0
0 0 2 0 0 0 0   0
0 0 0 2 0 0 0   0
0 0 0 0 2 0 0   0
0 0 0 0 0 2 0   0
0 0 0 0 0 0 2   0
0 0 0 0 0 0 0   0
++++++++++++++++++++++++

Number of patterns: 198


