GreedySearchNEW
Week 0 Schedule
---------------------------------
2 2 0 0 2 2 2   0
0 0 1 1 1 1 1   0
0 0 0 1 1 1 1   0
1 1 1 1 1 0 0   0
0 0 2 2 2 2 2   0
2 2 2 0 0 2 2   6
1 1 2 0 0 1 1   4
2 2 2 0 0 1 1   2
0 0 2 2 0 0 0   0
1 1 0 0 0 1 1   2
2 0 2 0 0 0 0   0
0 0 0 2 2 2 2   0
0 0 0 2 2 2 2   0
1 1 1 1 0 0 0   0
++++++++++++++++++++++++++++
0 0 0 100 0 0 0   114


GreedySearchNEW
Week 1 Schedule
---------------------------------
0 0 2 2 0 0 0   2
0 0 1 1 1 0 0   2
0 0 1 1 1 0 0   1
0 1 1 1 0 0 1   0
0 0 2 2 2 0 0   5
0 0 1 1 2 0 0   0
1 1 0 0 0 0 0   2
1 1 2 0 0 0 0   0
1 1 2 0 0 1 1   0
2 0 0 2 2 0 0   0
2 2 0 0 0 0 0   1
0 0 0 0 0 0 0   12
0 0 0 0 0 0 0   1
0 0 0 0 0 0 0   9
++++++++++++++++++++++++++++
0 300 0 0 0 600 600   1535


